version: 1
creator: callgrind-3.11.0
pid: 11328
cmd:  ./um midmark.um
part: 1


desc: I1 cache: 
desc: D1 cache: 
desc: LL cache: 

desc: Timerange: Basic block 0 - 7121887752
desc: Trigger: Program termination

positions: line
events: Ir
summary: 36682259823


ob=(1) /usr/lib64/ld-2.17.so
fl=(8) /usr/src/debug/glibc-2.17-c758a686/elf/../sysdeps/unix/sysv/linux/x86_64/brk.c
fn=(14) brk
31 1
-3 1
+3 6
+8 1
-6 2
+7 1

fl=(35) /usr/src/debug/glibc-2.17-c758a686/io/../sysdeps/unix/sysv/linux/wordsize-64/fxstat.c
fn=(120) _fxstat
35 3
-1 3
+1 3
+1 18
+4 3

fl=(14) /usr/src/debug/glibc-2.17-c758a686/string/../string/memcmp.c
fn=(30) bcmp
309 27
+3 27
-3 135
+4 27
-4 27
+7 54
+4 21
+16 7
+1 14
-1 14
129 35
+11 3
+1 3
+1 3
+1 3
+1 3
+35 3
-2 3
+1 3
+1 3
-65 6
340 4
+4 5
+2 5
-2 10
+1 5
+5 50
+2 23
+1 23
+1 23
+3 262
-3 156
-2 156
+1 156
+4 312
-7 348
+12 20
+1 216
225 2
-7 2
+1 2
+4 2
+2 2
-6 2
+4 2
+2 10
-92 2
+1 2
+1 2
+1 2
+1 2
+48 2
-2 2
+1 2
+1 5
-2 3
+1 3
+1 15
-77 2
+1 4
+4 4
-5 8
+1 16
+4 18
231 2
+2 2
-4 2
+1 2
+4 2
-2 2
+56 4
-2 2
+2 4
-1 2
+1 4
+1 4
+12 12
+1 4
197 6
+99 4
192 6

fl=(36) /usr/src/debug////////glibc-2.17-c758a686/misc/../sysdeps/unix/syscall-template.S
fn=(122) mprotect
81 32
+1 8

fl=(39) /usr/src/debug/glibc-2.17-c758a686/elf/dl-version.c
fn=(146) _dl_check_all_versions
381 6
+4 4
-2 2
+4 35
cfn=(148) _dl_check_map_versions
calls=5 174 
* 4429
-2 5
+2 15
-1 5
-1 10
+5 7

fn=(148)
174 45
+15 5
-15 10
+15 10
+2 5
+3 5
-3 5
+2 5
+1 5
+2 5
-3 5
+3 5
+3 12
+4 18
+17 3
56 3
220 3
56 3
220 3
56 15
220 1
56 1
220 1
56 1
220 1
56 5
+1 14
-1 28
+2 54
cfi=(32) /usr/src/debug/glibc-2.17-c758a686/elf/dl-misc.c
cfn=(106) _dl_name_match_p
calls=18 304 
* 1240
* 40
228 12
+5 32
+20 3
-16 87
cfn=(150) match_symbol
calls=2 76 
* 391
* 15
cfn=(150)
calls=5 76 
* 919
* 7
+8 28
+3 29
+9 16
+5 1
+1 1
-80 2
-8 2
+96 15
+3 9
+10 28
-7 112
+3 84
-3 12
+3 9
+8 5
+86 5
-86 5
+87 8
-81 16
cfi=(17) /usr/src/debug/glibc-2.17-c758a686/elf/dl-minimal.c
cfn=(36) calloc
calls=4 102 
* 220
* 4
+1 4
-2 4
+2 4
+11 4
-3 4
+3 8
+2 12
+3 12
+4 12
+18 3
-15 9
+2 9
-2 12
+2 12
+2 7
+1 7
-1 14
+1 7
-1 7
+1 7
+1 7
-2 7
+2 14
+1 21
+3 21
+8 12
+5 1
+1 1
+4 12
+3 12
+20 28
-14 28
-2 28
+2 31
-2 3
+2 3
+4 28
+2 28
-1 56
+1 28
-1 84
+1 28
+1 28
+3 93
+10 4
-1 4
+1 28

fn=(150)
76 77
+9 7
-8 7
-1 14
+1 7
+8 7
+6 21
+18 14
+5 14
+14 114
+12 150
+4 50
-30 100
+16 7
+3 28
cfi=(19) /usr/src/debug////////glibc-2.17-c758a686/string/../sysdeps/x86_64/strcmp.S
cfn=(54) strcmp
calls=7 -1 
* 623
* 14
+35 56

fl=(15) /usr/src/debug/glibc-2.17-c758a686/elf/dl-object.c
fn=(32) _dl_new_object
62 44
+1 4
-1 8
+1 4
cfi=(10) /usr/src/debug////////glibc-2.17-c758a686/string/../sysdeps/x86_64/rtld-strlen.S
cfn=(20) strlen
calls=4 -37 
* 202
+6 4
-6 12
+6 44
+7 16
cfi=(17)
cfn=(36)
calls=4 +26 
* 177
* 4
+3 4
-3 4
+3 4
+4 4
+5 4
-6 4
+6 4
-5 4
+5 4
-1 8
+1 4
cfi=(18) /usr/src/debug////////glibc-2.17-c758a686/string/../sysdeps/x86_64/memcpy.S
cfn=(46) memcpy
calls=4 -27 
* 120
* 4
+4 4
-2 4
+3 4
-1 4
+1 16
+3 4
-3 4
+3 4
+9 4
-7 4
+4 4
+3 9
+2 2
-2 2
+2 30
-2 30
+12 4
+6 4
-5 4
-1 4
+6 12
-2 4
+2 8
+2 9
+3 9
+4 9
+4 9
+2 1
+6 1
+3 2
+3 5
-3 6
+3 15
+2 3
+4 3
-4 3
cfi=(10)
cfn=(20)
calls=3 26 
* 191
* 6
+4 3
-4 3
+4 9
+64 6
+4 32
-88 9
-39 9
+39 3
+70 9
cfi=(18)
cfn=(68) mempcpy
calls=3 61 
* 116
* 3
+5 50
+1 50
-1 50
+1 53
-1 3
+1 9
+5 6
-57 6
cfi=(17)
cfn=(40) malloc
calls=3 -67 
* 102
* 3
+1 3
-1 3
+1 9

fn=(48) _dl_add_to_namespace_list
33 8
+2 4
-2 12
+2 4
cfi=(2) /usr/src/debug/glibc-2.17-c758a686/elf/rtld.c
cfn=(50) rtld_lock_default_lock_recursive
calls=4 787 
* 8
+2 29
+4 6
-1 27
+2 3
+2 3
+4 3
+4 3
-4 6
+1 6
+1 6
+2 3
+1 9
-1 3
cfi=(2)
cfn=(52) rtld_lock_default_unlock_recursive
calls=3 793 
* 6
-4 1
+4 1
-4 2
+1 2
+1 2
+2 1
+1 3
-1 1
cfi=(2)
cfn=(52)
calls=1 793 
* 2
-5 2

fl=(32)
fn=(106)
304 715
+1 286
cfi=(19)
cfn=(54)
calls=143 132 
* 1008
* 143
+1 143
-1 143
+3 143
+2 286
+4 144
-4 288
+1 453
cfi=(19)
cfn=(54)
calls=151 132 
* 2625
* 302
-5 7
+11 171
-1 136
+1 544

fl=(71) /usr/src/debug/glibc-2.17-c758a686/elf/../elf/dl-runtime.c
fn=(282) _dl_fixup
66 28
+6 28
-6 14
+3 14
-1 14
+1 14
+3 14
+1 14
-1 28
+1 42
+1 14
-1 14
+1 28
+9 28
+4 42
+4 26
+1 52
+2 52
+7 42
-1 14
+11 126
cfi=(6) /usr/src/debug/glibc-2.17-c758a686/elf/dl-lookup.c
cfn=(164) _dl_lookup_symbol_x
calls=14 716 
* 15949
* 14
+4 42
+10 84
+16 14
-8 14
+8 42
+4 42
fi=(5) /usr/src/debug/glibc-2.17-c758a686/elf/../sysdeps/x86_64/dl-machine.h
+88 14
fe=(71)
-84 42
-64 2
fi=(105) /usr/src/debug/glibc-2.17-c758a686/elf/../sysdeps/x86_64/dl-irel.h
-53 1
cob=(3) /usr/lib64/libc-2.17.so
cfi=(106) /usr/src/debug////////glibc-2.17-c758a686/string/../sysdeps/x86_64/multiarch/memcpy.S
cfn=(576) memcpy@@GLIBC_2.14
calls=1 * 
* 11
* 1
fe=(71)

fl=(70) /usr/src/debug////////glibc-2.17-c758a686/elf/../sysdeps/x86_64/dl-trampoline.h
fn=(280) _dl_runtime_resolve_xsave
71 1
+3 1
+2 1
+10 1
+6 1
+1 1
+1 1
+1 1
+1 1
+1 1
+1 1
+4 1
+1 1
+3 1
+1 1
+2 1
+1 1
+1 1
+1 1
+1 1
+1 1
+2 1
+13 1
+1 1
+1 1
cfi=(71)
cfn=(282)
calls=1 -65 
* 1531
+1 1
+5 1
+1 1
+1 1
+2 1
+1 1
+1 1
+1 1
+1 1
+1 1
+1 1
+2 1
+2 1
+4 1
+3 1

fn=(281) _dl_runtime_resolve_xsave'2
71 13
+3 13
+2 13
+10 13
+6 13
+1 13
+1 13
+1 13
+1 13
+1 13
+1 13
+4 13
+1 13
+3 13
+1 13
+2 13
+1 13
+1 13
+1 13
+1 13
+1 13
+2 13
+13 13
+1 13
+1 13
cfi=(71)
cfn=(282)
calls=13 -65 
* 15389
+1 13
+5 13
+1 13
+1 13
+2 13
+1 13
+1 13
+1 13
+1 13
+1 13
+1 13
+2 13
+2 13
+4 13
+3 13

fl=(11) /usr/src/debug/glibc-2.17-c758a686/elf/../misc/sbrk.c
fn=(22) sbrk
34 4
+8 6
+4 2
+11 5

fl=(13) /usr/src/debug/glibc-2.17-c758a686/elf/dl-environ.c
fn=(28) _dl_next_ld_env_entry
30 4
+3 15
+2 144
+11 69
-13 207
-2 1
+19 1
-14 25
+5 3
-3 3
+3 3
+2 3

fl=(34) /usr/src/debug////////glibc-2.17-c758a686/io/../sysdeps/unix/syscall-template.S
fn=(114) read
81 12
+1 3

fn=(128) access
81 4
+2 5

fn=(112) open
81 96
+1 3
+1 105

fn=(126) close
81 12
+1 3

fl=(21) /usr/src/debug/glibc-2.17-c758a686/elf/../sysdeps/unix/sysv/linux/dl-sysdep.c
fn=(60) _dl_discover_osversion
45 7
+2 3
+85 8
-45 3
cfi=(22) /usr/src/debug////////glibc-2.17-c758a686/posix/../sysdeps/unix/syscall-template.S
cfn=(62) uname
calls=1 -6 
* 5
* 1
+15 1
-15 1
+20 1
-1 1
+3 12
+4 3
-2 6
+2 10
+2 1
+1 2
-3 4
+7 3
-1 3
+4 3
-2 3
+2 10
+5 2

fl=(23) /usr/src/debug/glibc-2.17-c758a686/elf/dl-load.c
fn=(104) _dl_map_object
2131 6
+12 12
-12 6
+12 6
-12 54
+12 6
-12 12
+12 12
+12 30
-12 45
+5 54
+1 36
+2 54
cfi=(32)
cfn=(106)
calls=18 304 
* 1245
* 39
2437 48
2178 6
+11 12
-56 6
+92 6
-2 3
+2 3
cfi=(25) /usr/src/debug////////glibc-2.17-c758a686/string/../sysdeps/x86_64/rtld-strchr.S
cfn=(78) index
calls=3 38 
* 159
* 6
2368 5
cfn=(76) expand_dynamic_string_token
calls=1 434 
* 438
+1 1
-3 1
+4 1
-1 2
+4 7
cfn=(110) open_verify
calls=1 1690 
* 342
+3 1
-3 1
+3 1
+12 9
+2 6
+44 3
+1 21
-1 3
+1 15
cfn=(116) _dl_map_object_from_fd
calls=3 925 
* 6559
* 3
2229 4
cfi=(10)
cfn=(20)
calls=2 26 
* 95
* 2
+2 2
-2 2
+2 2
+7 8
+36 22
cfn=(136) open_path
calls=2 1982 
* 4565
* 6
+6 12
+8 4
+72 4
-98 8
+11 6
-31 6
+1 4
-1 2
+8 34
cfn=(136)
calls=2 1982 
* 1030
+4 4
+3 6
-10 6
716 2
2248 2
716 4
+3 4
2156 45
+3 6
+2 6
-1 12
+1 6
cfi=(19)
cfn=(54)
calls=6 132 
* 105
* 12

fn=(70) decompose_rpath
614 10
+11 1
-9 1
+9 2
+31 2
161 3
cfi=(10)
cfn=(20)
calls=1 26 
* 97
* 1
+1 2
cfi=(17)
cfn=(40)
calls=1 -69 
* 34
* 1
+2 3
+3 3
cfi=(18)
cfn=(46)
calls=1 61 
* 80
664 1
167 1
664 1
+8 5
+2 3
-2 4
+2 156
-2 209
+6 1
cfi=(17)
cfn=(40)
calls=1 93 
* 34
* 1
+2 1
-2 1
+2 1
+8 7
cfn=(72) fillin_rpath
calls=1 504 
* 1676
+4 2
cfi=(17)
cfn=(82) free
calls=1 121 
* 6
* 1
+3 2
+7 1
+2 1
+2 6
-1 1
+1 2

fn=(136)
1982 32
+1 4
-1 20
+7 4
-7 4
+1 4
+6 8
+5 68
+66 4
-66 4
-7 4
-1 4
+8 4
+66 8
+8 8
-22 20
-40 4
-9 4
+9 10
-9 6
+9 6
+7 40
cfi=(18)
cfn=(68)
calls=10 61 
* 314
+1 10
-1 10
+1 30
-13 20
+33 32
+1 1
+23 1
+2 6
-46 109
+3 80
+4 184
cfi=(18)
cfn=(68)
calls=23 61 
* 442
* 92
cfi=(18)
cfn=(68)
calls=23 61 
* 529
* 23
+3 23
+3 46
+3 184
cfn=(110)
calls=23 1690 
* 2126
* 23
+2 69
+26 28
+2 20
+36 2
+27 16
-84 30
+1 135
+6 30
+2 45
-2 15
+2 15
cfi=(38) /usr/src/debug/glibc-2.17-c758a686/io/../sysdeps/unix/sysv/linux/wordsize-64/xstat.c
cfn=(138) _xstat
calls=15 35 
* 183
* 30
+1 4
+2 4
-2 4
+2 32
+7 8
-44 8
+37 22
+7 22
-44 25
+85 40
+7 8
-2 8
+2 24
+3 6
+13 4
-37 4
cfi=(17)
cfn=(40)
calls=2 93 
* 68
* 2
* 2
+1 2
-1 2
+1 2
+2 8
cfi=(18)
cfn=(46)
calls=2 61 
* 62
+35 2
-34 2
+34 25
-72 22

fn=(72)
504 14
+2 2
-2 18
+4 6
cfi=(17)
cfn=(74) strsep
calls=2 337 
* 740
* 42
cfi=(17)
cfn=(74)
calls=14 337 
* 2746
* 48
+4 14
+3 14
-4 14
+4 14
+27 166
+1 124
cfi=(14)
cfn=(30)
calls=10 309 
* 1119
* 20
+7 20
+1 32
-1 48
+1 30
+3 12
+46 28
cfi=(17)
cfn=(82)
calls=14 121 
* 362
* 14
* 14
-39 10
cfi=(10)
cfn=(20)
calls=1 26 
* 10
* 2
+4 3
+1 3
-1 1
+1 1
-2 1
cfi=(17)
cfn=(40)
calls=1 93 
* 34
* 1
+1 9
+1 9
-1 3
+1 3
-2 3
cfi=(17)
cfn=(40)
calls=3 93 
* 102
* 3
+3 4
-3 4
+3 12
+5 4
+1 12
-2 4
+2 4
cfi=(18)
cfn=(68)
calls=4 61 
* 117
+3 4
-3 4
+3 4
-2 4
+2 4
+1 1
+5 4
+1 2
-1 12
+1 54
+1 40
+3 4
-1 8
+1 4
+2 1
-1 2
+1 2
-1 1
cfi=(18)
cfn=(46)
calls=1 61 
* 18
* 1
+6 1
+1 1
+3 3
-4 3
+1 3
+3 9
-81 42
cfn=(76)
calls=14 -83 
* 3264
+3 14
-3 14
+3 14
+5 28
cfi=(10)
cfn=(20)
calls=14 26 
* 554
+1 28
+7 84
+5 57
+13 1
+4 4
+6 6
+43 2
+3 18
-57 3
-17 28
+59 6

fn=(64) _dl_init_paths
739 1
+13 2
-13 8
+13 3
cfi=(24) /usr/src/debug/glibc-2.17-c758a686/elf/dl-hwcaps.c
cfn=(66) _dl_important_hwcaps
calls=1 39 
* 346
+5 1
-5 1
+5 1
cfi=(17)
cfn=(40)
calls=1 93 
* 34
* 1
+1 1
-1 1
-1 1
+2 1
+8 1
-1 1
+1 1
-1 4
+5 4
cfi=(17)
cfn=(40)
calls=1 93 
* 34
* 1
+2 1
-2 1
-1 1
+3 1
+7 1
+10 1
+9 1
-20 1
+12 1
-1 1
+3 1
+1 1
-1 1
+6 9
+1 10
+2 2
-12 1
+12 1
-14 1
+2 1
+3 1
-2 1
+3 1
-1 8
+1 3
+6 11
-1 2
+14 1
-11 1
+6 1
+1 1
+5 2
+4 3
+38 4
-19 1
-2 1
+2 2
+5 1
+1 1
-2 2
+2 1
-2 2
cfn=(70)
calls=1 614 
* 2364
+7 2
+10 2
cfi=(10)
cfn=(20)
calls=1 26 
* 237
* 20
cfi=(18)
cfn=(46)
calls=1 61 
* 113
+5 1
-5 1
+5 3
-1 2
+2 1
+1 3
-2 4
+1 176
+1 528
-2 705
+5 1
cfi=(17)
cfn=(40)
calls=1 93 
* 34
* 1
+1 1
-2 1
+2 1
+6 7
cfn=(72)
calls=1 504 
* 8705
+3 3
+6 1
+4 8
-89 2

fn=(110)
1690 336
+36 72
+21 96
cfi=(34)
cfn=(112)
calls=24 81 
* 204
+1 24
-1 24
+1 24
+11 3
+1 6
+5 18
cfi=(34)
cfn=(114)
calls=3 81 
* 15
+2 6
+2 3
+2 3
-2 3
+2 3
-2 3
+8 6
+16 15
cfi=(14)
cfn=(30)
calls=3 309 
* 258
* 6
+2 3
-2 6
+4 12
cfi=(14)
cfn=(30)
calls=3 309 
* 240
-4 6
+60 6
+5 6
+2 3
+1 9
+5 6
+11 6
+7 15
+1 12
+1 3
+15 12
1753 6
1901 112
+1 42
+4 6
+1 2
-1 2
+29 2
+1 2
+2 2
-3 2
+1 2
-1 2
+1 2
-2 2
+4 4
+5 2
+1 2
-13 8
cfi=(14)
cfn=(30)
calls=2 309 
* 146
* 8
cfi=(14)
cfn=(30)
calls=2 309 
* 160
* 8
+16 4
+6 2
-3 2
+1 2
+1 2
+1 4
+11 6
cfi=(17)
cfn=(82)
calls=3 121 
* 18
* 3
* 3
+4 45
1738 21
1968 147
-14 6
-4 2
+1 2
+1 2
-1 6
-1 2
+4 4
1793 8
cfi=(14)
cfn=(30)
calls=2 309 
* 176
* 4

fn=(116)
925 33
+11 3
-11 3
+11 3
-11 9
+11 3
cfi=(27) /usr/src/debug/glibc-2.17-c758a686/elf/dl-debug.c
cfn=(86) _dl_debug_initialize
calls=3 51 
* 24
+4 9
-4 3
+4 3
cfi=(35)
cfn=(120)
calls=3 35 
* 30
* 6
+11 21
+1 9
-1 27
+1 36
476 3
1642 24
969 6
+25 6
+10 6
+22 3
-89 3
+89 9
+35 21
cfi=(15)
cfn=(32)
calls=3 62 
* 1437
+1 3
-1 3
+1 3
+11 6
+5 3
-5 3
+1 6
+1 3
+2 3
-2 3
+2 12
+1 9
+1 3
+24 57
+8 3
-8 6
+8 3
-8 9
+8 3
+99 3
1104 3
1210 3
1105 3
-11 3
1210 6
+8 12
1112 45
-1 184
+1 133
+6 6
+1 9
+1 3
+9 30
+6 12
+1 6
-1 24
+7 24
+11 6
+2 6
-1 6
+4 6
-5 6
+1 6
-1 12
+2 6
-1 6
+2 6
+3 6
+4 6
-9 6
+2 6
+1 6
+1 6
+1 6
+4 6
+1 9
+5 6
-16 3
+16 15
+10 3
-10 6
-16 3
+16 15
+10 3
+3 3
+5 1
-1 1
+3 1
-1 1
-1 1
+1 1
+3 3
+1 2
+3 2
+4 4
+6 1
cfi=(28) /usr/src/debug/glibc-2.17-c758a686/elf/../elf/dl-tls.c
cfn=(140) _dl_next_tls_modid
calls=1 52 
* 6
* 2
+1 1
+60 6
+1 9
+1 3
-6 6
+1 3
1123 2
+1 7
1271 9
+13 24
+2 6
+14 3
+5 18
cfi=(33) /usr/src/debug/glibc-2.17-c758a686/misc/../sysdeps/unix/sysv/linux/wordsize-64/mmap.c
cfn=(108) mmap
calls=3 32 
* 105
+4 3
-4 3
+4 3
+7 3
+1 3
-1 3
+1 3
+2 3
-3 3
+1 3
+2 3
+10 3
+2 3
+33 18
+1 9
+2 12
+8 24
+6 3
+2 3
-2 3
+1 3
+2 3
-1 3
+1 3
-1 9
+8 6
+3 6
+11 21
cfi=(26) /usr/src/debug////////glibc-2.17-c758a686/string/../sysdeps/x86_64/rtld-memset.S
cfn=(84) memset
calls=3 30 
* 1998
+1 15
+5 6
+15 6
-74 30
+2 12
+2 24
cfi=(33)
cfn=(108)
calls=3 32 
* 93
* 6
1074 3
1430 12
+9 6
fi=(3) /usr/src/debug/glibc-2.17-c758a686/elf/get-dynamic-info.h
38 3
fe=(23)
1439 3
fi=(3)
38 3
+6 3
-2 3
+2 6
+7 3
+5 3
+3 3
-1 3
-3 3
-3 70
+10 16
-18 48
+8 58
+10 58
-18 174
+18 2
-18 6
+2 152
+5 72
+2 8
+16 6
+20 12
+1 12
+1 12
+1 12
+2 12
+5 12
+1 11
+1 11
+35 9
+5 2
+2 2
-2 2
+2 2
+2 4
+2 4
+1 2
+2 9
+10 3
-8 6
+9 6
-1 3
+5 6
+1 4
+2 6
fe=(23)
1445 6
+16 9
+19 6
+2 15
+51 9
+1 2
+3 2
cfi=(34)
cfn=(126)
calls=1 81 
* 5
* 4
cfi=(34)
cfn=(126)
calls=2 81 
* 10
* 6
+8 15
+3 9
+2 3
-2 3
+2 3
+16 6
cfi=(6)
cfn=(10) _dl_setup_hash
calls=3 865 
* 60
+4 6
+1 6
+17 6
+1 1
+3 1
+6 1
-6 1
+1 2
+5 1
-6 2
+6 2
-6 2
+1 4
+5 2
+10 6
+10 9
cfi=(15)
cfn=(48)
calls=3 33 
* 132
+4 9
fi=(3)
56 8
fe=(23)
1326 3
-1 15
cfi=(36)
cfn=(122)
calls=3 81 
* 15
* 3
fi=(3)
59 8
+1 2
+1 8
fe=(23)
1368 10
+2 2
-1 6
+1 4
-1 2
+1 4
-1 4
+3 8
+43 8
cfi=(33)
cfn=(108)
calls=1 32 
* 31
+3 2
1545 6

fn=(76)
434 120
285 30
434 15
285 15
cfi=(25)
cfn=(78)
calls=15 38 
* 1255
+3 15
-3 15
+3 15
161 30
cfi=(10)
cfn=(20)
calls=15 26 
* 910
* 15
+1 30
cfi=(17)
cfn=(40)
calls=15 -69 
* 558
* 15
+2 30
459 15
167 30
459 90
167 30
cfi=(18)
cfn=(46)
calls=15 61 
* 469

fn=(132) _dl_dst_count
282 5
+3 5
-3 20
+3 5
cfi=(25)
cfn=(78)
calls=5 38 
* 361
+3 5
-3 5
+3 5
+1 5
+19 30

fl=(33)
fn=(108)
32 10
+1 10
-1 90
+1 24
+1 100
+2 70
-3 24

fl=(40) /usr/src/debug/glibc-2.17-c758a686/elf/dl-reloc.c
fn=(158) _dl_relocate_object
148 50
+15 5
-15 10
+15 5
+1 20
+6 10
+6 15
-18 4
+22 4
+8 10
-33 5
+78 5
fi=(5)
76 5
fe=(40)
233 10
fi=(5)
76 15
fe=(40)
259 220
159 10
fi=(5)
299 16
fe=(40)
-40 2
fi=(4) /usr/src/debug/glibc-2.17-c758a686/elf/do-rel.h
48 2
fe=(40)
259 2
fi=(4)
58 2
fe=(40)
259 2
fi=(4)
47 4
+11 4
fe=(40)
259 3
159 15
fi=(5)
299 24
fe=(40)
-40 3
fi=(4)
48 3
fe=(40)
259 3
fi=(4)
58 3
fe=(40)
259 3
fi=(4)
47 6
+11 6
fe=(40)
259 5
fi=(4)
48 5
fe=(40)
259 5
fi=(4)
58 5
fe=(40)
259 5
fi=(4)
47 10
+11 10
+3 8
fi=(5)
508 46
+4 46
+2 69
+1 23
fi=(4)
61 69
+2 69
+11 4
+1 10
fe=(40)
259 30
+3 15
+24 5
+3 10
+17 15
+2 40
fi=(4)
84 8
+2 16
+12 8
-15 8
+15 8
-15 8
+15 8
+10 12
+3 15
fi=(5)
498 9
fi=(4)
111 12
fi=(5)
498 3588
fi=(4)
111 4784
+7 24
+3 7
+3 7
-3 7
+3 7
-74 4
fi=(5)
425 4
fi=(4)
51 4
fi=(5)
425 16
fi=(4)
127 608
+9 266
+3 266
fi=(5)
267 133
fi=(4)
138 133
-2 133
+1 532
fi=(5)
267 133
+21 266
+4 266
+7 1626
fi=(4)
137 89
fi=(5)
299 178
fi=(4)
137 89
fi=(5)
299 89
fi=(4)
138 89
fi=(5)
299 178
fi=(4)
137 89
fi=(5)
299 292
fi=(4)
137 25
fi=(5)
299 50
fi=(4)
137 25
fi=(5)
299 25
fi=(4)
138 25
fi=(5)
299 50
fi=(4)
137 25
fi=(5)
299 1443
cfi=(6)
cfn=(164)
calls=114 716 
* 119105
* 456
+2 360
+3 125
-3 250
+3 375
+6 931
fe=(40)
177 10
+1 3
+2 6
+79 15
fi=(5)
82 4
+4 6
+14 2
-8 2
+8 4
+20 4
+11 8
418 351
fi=(4)
124 468
+19 8
+1 67
+1 57
+3 38
+4 38
-1 19
-3 19
+1 19
+1 19
-1 38
fi=(5)
299 76
+2 19
+3 19
-3 19
+3 57
471 38
+1 19
cob=(4) /usr/lib64/libm-2.17.so
cfi=(53) ???
cfn=(212) sin
calls=1 0 
* 8
cob=(4)
cfi=(53)
cfn=(210) __atan2_finite
calls=1 0 
* 8
cob=(4)
cfi=(55) /usr/src/debug/glibc-2.17-c758a686/math/../sysdeps/x86_64/fpu/multiarch/e_asin.c
cfn=(208) __asin_finite
calls=1 16 
* 5
cob=(4)
cfi=(57) /usr/src/debug////////glibc-2.17-c758a686/math/../sysdeps/x86_64/fpu/multiarch/s_floor.S
cfn=(206) floor
calls=1 25 
* 5
cob=(4)
cfi=(56) /usr/src/debug////////glibc-2.17-c758a686/math/../sysdeps/x86_64/fpu/multiarch/s_floorf.S
cfn=(204) floorf
calls=1 25 
* 5
cob=(4)
cfi=(55)
cfn=(202) __acos_finite
calls=1 10 
* 5
cob=(4)
cfi=(54) /usr/src/debug////////glibc-2.17-c758a686/math/../sysdeps/x86_64/fpu/multiarch/s_rintf.S
cfn=(200) rintf
calls=1 25 
* 5
cob=(4)
cfi=(53)
cfn=(198) __log_finite
calls=1 0 
* 8
cob=(4)
cfi=(52) /usr/src/debug/glibc-2.17-c758a686/math/../sysdeps/x86_64/fpu/multiarch/e_pow.c
cfn=(196) __pow_finite
calls=1 8 
* 5
cob=(4)
cfi=(51) /usr/src/debug////////glibc-2.17-c758a686/math/../sysdeps/x86_64/fpu/multiarch/s_rint.S
cfn=(194) rint
calls=1 25 
* 5
cob=(4)
cfi=(50) /usr/src/debug/glibc-2.17-c758a686/math/../sysdeps/x86_64/fpu/multiarch/s_sin.c
cfn=(192) cos
calls=1 20 
* 8
cob=(4)
cfi=(49) /usr/src/debug/glibc-2.17-c758a686/math/../sysdeps/x86_64/fpu/multiarch/e_exp.c
cfn=(190) __exp_finite
calls=1 15 
* 8
cob=(3)
cfi=(48) ???
cfn=(186) memcpy@GLIBC_2.2.5
calls=1 0 
* 15
cob=(3)
cfi=(47) /usr/src/debug/glibc-2.17-c758a686/time/../sysdeps/unix/sysv/linux/x86_64/gettimeofday.c
cfn=(184) gettimeofday
calls=1 30 
* 22
cob=(3)
cfi=(46) /usr/src/debug////////glibc-2.17-c758a686/string/../sysdeps/x86_64/multiarch/memset.S
cfn=(182) memset
calls=1 27 
* 8
cob=(3)
cfi=(42) /usr/src/debug////////glibc-2.17-c758a686/string/../sysdeps/x86_64/multiarch/strcmp.S
cfn=(180) strncasecmp
calls=1 135 
* 12
cob=(3)
cfi=(45) /usr/src/debug////////glibc-2.17-c758a686/string/../sysdeps/x86_64/multiarch/strnlen.S
cfn=(178) strnlen
calls=1 30 
* 5
cob=(3)
cfi=(43) /usr/src/debug/glibc-2.17-c758a686/time/../sysdeps/unix/sysv/linux/x86_64/time.c
cfn=(174) time
calls=1 36 
* 22
cob=(3)
cfi=(42)
cfn=(172) strcasecmp
calls=1 114 
* 12
+1 38
299 39
fi=(4)
129 72
fi=(5)
299 50
+91 39
+4 65
+5 65
-71 2
+1 3
454 6
+4 12
cfi=(18)
cfn=(46)
calls=2 61 
* 36
+2 6
+1 2
fi=(4)
108 3
fe=(40)
314 10
+1 5
+1 5
-1 5
-1 10
+2 5
+3 10
+1 15
cfi=(36)
cfn=(122)
calls=5 81 
* 25
* 10
fi=(5)
124 8
-2 4
299 38
fi=(4)
129 6
+31 8
+2 20
+8 10
+1 5
-1 5
+1 5
fi=(5)
+96 5
fi=(4)
-97 10
fi=(5)
+97 5
+21 10
+4 10
+7 135
cfi=(6)
cfn=(164)
calls=5 716 
* 5332
* 20
+2 15
+3 1
-3 2
+3 3
+6 35
418 15
fi=(4)
160 15
+14 5
fi=(5)
299 20
+7 4
+1 8
+1 2
cob=(3)
cfi=(48)
cfn=(186)
calls=1 0 
* 15
cob=(3)
cfi=(46)
cfn=(182)
calls=1 27 
* 8
* 6
-9 135
fe=(40)

fl=(2)
fn=(2) _dl_start
430 9
+18 4
fi=(3)
44 1
fe=(2)
448 1
fi=(5)
59 3
fi=(3)
-15 1
fe=(2)
474 1
-3 1
fi=(3)
44 1
+17 2
-3 1
-7 1
+5 1
+3 1
+2 1
-3 1
-3 1
-3 2
-5 28
+15 14
-18 42
+18 1
-18 3
+2 40
+5 24
+1 20
+10 5
-18 15
+25 2
+20 4
+1 4
+1 4
+1 4
+2 4
+5 4
+1 4
+1 4
fe=(2)
496 34
fi=(4)
111 1
-28 1
+28 2
fi=(5)
498 3
fi=(4)
111 2
fi=(5)
498 1
fi=(4)
111 1
fi=(5)
498 27
fi=(4)
111 18
fi=(5)
498 9
fi=(4)
111 9
+13 1
fi=(5)
310 1
fi=(4)
124 2
+13 1
+2 2
-2 1
fi=(5)
264 1
fi=(4)
137 1
fi=(5)
292 1
fi=(4)
137 2
fi=(5)
292 1
fi=(4)
137 8
+2 16
-2 8
fi=(5)
264 8
fi=(4)
137 8
fi=(5)
292 8
fi=(4)
137 16
fi=(5)
292 8
+9 18
+3 9
-3 18
+3 27
+6 54
fi=(3)
53 4
+3 4
+3 4
+1 1
+1 2
fe=(2)
378 1
498 1
378 1
cfi=(6)
cfn=(10)
calls=1 865 
* 23
+1 2
+1 2
+1 2
+1 2
+9 1
+9 1
-9 3
+9 1
-6 1
-3 1
+9 1
cfi=(7) /usr/src/debug/glibc-2.17-c758a686/elf/../elf/dl-sysdep.c
cfn=(12) _dl_sysdep_start
calls=1 86 
* 188127
* 1
+9 4
+3 1
+4 1
-4 1
+4 1
523 9
fi=(5)
399 9
+9 9
fi=(4)
124 28
fe=(2)

fn=(102) map_doit
579 2
+2 7
cfi=(23)
cfn=(104)
calls=1 2131 
* 2594
* 1
+2 2

fn=(98) _dl_initial_error_catch_tsd
747 14

fn=(152) init_tls
678 1
-1 1
-6 1
+2 2
+4 1
+10 2
-4 1
+4 2
cfi=(17)
cfn=(36)
calls=1 102 
* 43
* 1
-1 1
+6 1
-9 1
+11 1
+6 1
-1 1
+1 12
+2 10
+4 1
+2 1
-2 2
-5 10
+12 1
cfi=(28)
cfn=(154) _dl_determine_tlsoffset
calls=1 144 
* 56
+7 1
cfi=(28)
cfn=(156) _dl_allocate_tls_storage
calls=1 349 
* 455
+1 1
-1 1
+1 1
+6 1
+4 1
-4 1
+4 6
+3 2
+3 2

fn=(144) version_check_doit
611 2
+2 4
cfi=(39)
cfn=(146)
calls=1 381 
* 4518
* 2
+4 2

fn=(24) dl_main
875 10
+19 1
2464 1
875 1
2464 1
875 1
+19 1
+3 1
-22 2
+22 1
+4 2
+1 2
+5 2
2457 2
+7 1
-5 1
+5 4
+5 1
cfi=(12) /usr/src/debug/glibc-2.17-c758a686/elf/dl-tunables.c
cfn=(26) _dl_process_tunable_env_entries
calls=1 37 
* 441
* 1
-9 4
+11 2
cfi=(13)
cfn=(28)
calls=1 30 
* 34
* 6
cfi=(13)
cfn=(28)
calls=3 30 
* 444
* 12
+4 69
+1 27
-1 81
+3 6
+6 24
2632 3
+30 3
915 2
-2 1
+2 1
1111 7
cfi=(15)
cfn=(32)
calls=1 62 
* 244
* 1
+3 1
+1 1
+5 2
-5 1
+1 1
884 1
1116 1
+4 1
cfi=(15)
cfn=(48)
calls=1 33 
* 34
* 3
+30 1
-3 1
-5 1
+1 1
+2 1
+5 6
+56 2
881 1
1206 2
-55 24
-1 27
+1 47
-1 2
1253 3
+3 2
+2 2
+2 2
+13 2
+1 8
cfi=(19)
cfn=(54)
calls=1 132 
* 7
* 3
+11 1
-4 1
+1 1
-3 1
+6 1
+6 2
fi=(3)
29 1
+9 2
+6 1
-2 1
+2 2
+7 1
+5 1
+3 1
+2 1
-3 1
-3 1
-3 14
+10 3
-18 9
+8 22
+10 22
-18 66
+2 50
+5 12
+18 3
+67 3
+14 3
+18 2
fe=(2)
1296 2
cfi=(6)
cfn=(10)
calls=1 865 
* 14
+3 2
fi=(20) /usr/src/debug/glibc-2.17-c758a686/elf/setup-vdso.h
24 2
fe=(2)
1321 1
cfi=(21)
cfn=(60)
calls=1 45 
* 93
* 8
1155 3
+1 1
+90 2
+1 2
+1 1
-6 2
+1 1
-37 2
-1 2
+1 4
-1 2
+2 4
+1 1
+3 2
+1 2
-1 2
+1 2
+1 2
+1 6
+1 2
-45 1
+9 1
-9 1
+9 1
-7 1
+25 1
-25 1
-3 1
+10 1
-19 3
+1 1
2559 4
+1 4
cfi=(14)
cfn=(30)
calls=1 309 
* 120
* 2
+2 3
-37 4
cfi=(14)
cfn=(30)
calls=1 309 
* 26
* 2
-20 4
cfi=(14)
cfn=(30)
calls=1 309 
* 26
* 2
+25 4
cfi=(14)
cfn=(30)
calls=1 309 
* 26
* 2
-18 4
cfi=(14)
cfn=(30)
calls=1 309 
* 80
* 2
+2 3
1326 2
cfi=(23)
cfn=(64)
calls=1 739 
* 13464
+3 3
cfi=(27)
cfn=(86)
calls=1 51 
* 17
+7 1
-7 1
+2 1
+5 1
+3 3
+1 1
+3 1
-3 3
+1 2
+3 1
+5 1
-7 1
+7 1
+1 5
+4 1
+4 1
-2 4
+1 2
+1 3
+5 2
+1 6
+2 2
+1 2
+5 2
+6 4
+1 2
-2 1
890 1
1558 1
cfi=(28)
cfn=(88) _dl_count_modids
calls=1 111 
* 4
* 1
+8 3
+3 2
+4 3
+7 1
+4 3
+19 3
+16 3
cfi=(34)
cfn=(128)
calls=1 81 
* 9
* 2
+77 4
+17 3
+1 1
-1 1
+1 2
-1 1
+1 5
cfi=(37) /usr/src/debug/glibc-2.17-c758a686/elf/dl-deps.c
cfn=(130) _dl_map_object_deps
calls=1 147 
* 15611
+1 1
+5 1
-5 3
+2 2
+3 4
+1 4
-1 2
+1 16
-1 8
+4 3
+1 3
+1 1
+2 2
+1 5
-1 5
+1 6
-1 9
-28 11
168 2
1742 1
-1 2
+1 1
+2 1
+2 3
+2 1
-4 1
+4 2
+15 2
+1 3
+13 1
-2 1
+2 1
-2 1
+2 1
-1 1
-1 2
+2 1
cfi=(30) /usr/src/debug/glibc-2.17-c758a686/elf/dl-error.c
cfn=(142) _dl_receive_error
calls=1 197 
* 4558
+10 1
+1 1
-1 1
+1 1
+1 1
cfn=(152)
calls=1 678 
* 626
* 1
+2 2
802 1
fi=(114) /usr/src/debug/glibc-2.17-c758a686/elf/../sysdeps/unix/sysv/linux/dl-osinfo.h
86 2
fe=(2)
804 1
fi=(114)
112 1
fe=(2)
813 1
+7 1
-5 1
1796 2
2029 3
+56 1
+4 1
+7 1
-11 1
+4 3
+4 2
+3 1
+8 2
+99 4
+2 1
+5 2
cfi=(28)
cfn=(214) _dl_allocate_tls_init
calls=1 443 
* 254
+4 2
+12 2
+29 1
cfi=(7)
cfn=(216) _dl_sysdep_start_cleanup
calls=1 251 
* 1
+4 3
+20 3
cfi=(27)
cfn=(86)
calls=1 51 
* 8
+1 1
-1 1
+2 1
cfi=(27)
cfn=(90) _dl_debug_state
calls=1 75 
* 1
+1 1
+4 1
cfi=(58) /usr/src/debug/glibc-2.17-c758a686/elf/dl-cache.c
cfn=(218) _dl_unload_cache
calls=1 316 
* 5
+5 8
1315 3
1605 3
+1 1
-1 2
+1 1
cfn=(92) handle_ld_preload
calls=1 840 
* 3608
* 1
+1 4
+2 3
-31 2
+1 1
cfi=(27)
cfn=(90)
calls=1 75 
* 1
* 1
2226 2
+15 1
+3 1
-3 1
+3 1
-3 2
+3 2
-3 1
+2 1
+1 1
cfi=(40)
cfn=(158)
calls=1 148 
* 10126
+1 4
+2 3
2079 1
883 2
1739 2
2150 3
+7 1
+2 11
+2 1
+2 15
+5 10
+2 10
+8 5
-2 5
+2 10
+1 32
cfi=(40)
cfn=(158)
calls=4 148 
* 136259
+4 17
-22 14
+25 4
+2 1
+6 1
-6 1
+6 1
1700 6
+1 1
-1 2
+4 1
+1 1
-1 1
+2 2
2172 1
+1 1
-3 2
+14 2
cfi=(28)
cfn=(188) _dl_add_to_slotinfo
calls=1 879 
* 24
* 1

fn=(52)
793 12

fn=(92)
840 9
+1 1
-76 1
+86 1
-11 2
-75 6
+80 3
fi=(29) /usr/src/debug/glibc-2.17-c758a686/elf/../string/bits/string2.h
984 3
+1 5
-1 264
+1 132
+1 66
-2 66
+2 66
-2 199
+2 1
-2 3
fe=(2)
849 3
+10 4
108 3
862 2
760 1
+5 5
-10 1
+4 1
+1 1
+1 1
+2 1
+2 1
cfi=(30)
cfn=(96) _dl_catch_error
calls=1 159 
* 2664
+1 2
+8 3
+89 1
-18 3
+21 9
-15 4
cfi=(18)
cfn=(46)
calls=1 61 
* 66
* 1
+1 3

fn=(50)
787 12

fl=(26)
fn=(84)
30 22
+1 22
+1 22
+1 2358
+1 22
+1 22

fl=(12)
fn=(26)
37 1
-8 1
+8 1
+1 4
+4 144
+15 72
-19 216
+22 2

fl=(7)
fn=(12)
86 7
+25 1
-1 1
+1 1
-25 1
+25 225
+6 1
-3 1
+1 1
-4 1
+3 1
+3 4
+1 6
-1 3
-29 1
-1 2
+31 108
-1 86
fi=(21)
-82 2
cfi=(8)
cfn=(14)
calls=1 -4 
* 12
fi=(5)
221 5
+4 1
cfi=(9) /usr/src/debug/glibc-2.17-c758a686/elf/../sysdeps/x86/cpu-features.c
cfn=(18) init_cpu_features.constprop.0
calls=1 39 
* 122
fe=(7)
+1 3
+1 1
cfi=(10)
cfn=(20)
calls=1 26 
* 41
* 1
+2 2
cfi=(11)
cfn=(22)
calls=1 34 
* 17
* 3
+12 3
+3 6
cfi=(2)
cfn=(24)
calls=1 875 
* 187430
+2 9
-67 1
+1 1
-29 1
+1 1
+11 1
+1 1
-7 1
+1 1
-4 1
+1 1
-25 1
+1 1
-4 1
+1 1
-7 1
+1 1
+2 1
+1 1

fn=(216)
251 1

fl=(24)
fn=(66)
39 8
+2 1
-2 1
+3 1
-3 2
+3 1
-3 1
+2 3
+1 2
+9 1
-10 1
+10 2
+10 4
+42 1
+3 17
+1 1
-1 4
+30 2
+8 2
+2 3
+1 2
+1 2
+3 2
+7 1
-7 1
+1 1
+7 1
-1 1
+4 3
+1 1
-1 6
+1 1
+18 12
+1 4
cfi=(17)
cfn=(40)
calls=1 -89 
* 34
* 1
+1 1
-1 1
+1 4
+26 1
+3 1
-3 2
+3 1
+28 9
+1 2
-1 2
+1 6
-1 8
+5 6
+3 1
-3 1
+3 2
-3 1
+3 1
-3 2
+3 1
-3 1
+3 2
-3 1
+3 3
+1 12
+1 4
-1 4
+1 8
-2 4
+1 8
-1 14
+4 4
+3 1
+2 2
-1 1
-1 2
+2 10
+13 2
+1 1
-1 1
+3 2
-3 2
+1 1
-1 1
+3 2
+3 3
+3 9
-65 4
cfi=(18)
cfn=(68)
calls=1 61 
* 22
+1 2
-1 2
+1 1
cfi=(18)
cfn=(68)
calls=1 61 
* 22
* 4

fl=(19)
fn=(54)
132 781
+1 781
+1 781
+1 404
+1 404
+1 404
+1 404
cfn=(55) strcmp'2
calls=404 -6 
* 15945
+5 377
+1 377
+1 377
+1 377

fn=(55)
132 2227
+1 2227
+1 2227
+1 2001
+1 2001
+1 2001
+1 2001
cfn=(55)
calls=1823 -6 
* 74872
+2 178
+1 178
+2 226
+1 226
+1 226
+1 226

fl=(31) /usr/src/debug////////glibc-2.17-c758a686/setjmp/../sysdeps/x86_64/setjmp.S
fn=(100) __sigsetjmp
26 6
+9 6
+1 12
+1 6
+4 6
+1 6
+1 6
+1 6
+1 6
+2 12
+2 6
+1 6
+1 6
+2 12
+2 6
+4 6
+1 6

fl=(1) ???
fn=(0) 0x0000000000001140
0 2
cfi=(2)
cfn=(2)
calls=1 430 
0 188836
0 14
cfi=(59) /usr/src/debug/glibc-2.17-c758a686/elf/dl-init.c
cfn=(222) _dl_init
calls=1 90 
0 2334
0 3
cob=(6) /h/achani01/cs40/hw7-1/um
cfi=(69) ???
cfn=(272) 0x0000000000400b10
calls=1 0 
0 36682068634

fl=(6)
fn=(10)
865 15
+4 3
+4 6
+2 3
-1 3
+4 3
+4 3
-4 3
+1 6
+2 3
-2 3
+3 3
+2 3
+1 3
+1 12
+1 3
+3 6
+2 2
+2 2
+2 2
+1 2
+1 2
-4 2
+4 4

fn=(166) do_lookup_x
82 1197
+1 133
-6 133
+5 399
-5 931
+11 133
+1 133
233 133
-3 133
+3 133
-3 399
98 133
-3 133
+1 133
+2 133
+3 133
-3 133
+3 133
-3 406
-3 406
+1 406
+2 406
+3 406
-3 406
+3 406
+4 1094
+4 1074
+4 1074
+7 1611
+4 1074
+1 1611
226 537
+1 1074
+4 554
-2 277
+5 1108
+4 554
-1 554
+1 277
-1 554
+21 160
+24 832
462 2298
+1 535
cfi=(32)
cfn=(106)
calls=107 304 
* 5052
* 642
+3 1254
+3 24
287 896
+4 296
+13 121
+1 121
-1 121
+1 121
+1 121
470 1064
241 488
-1 244
+2 244
+2 360
+10 357
-7 1180
+2 234
+1 468
-1 702
+1 351
cfn=(170) check_match.9525
calls=117 132 
* 19282
+1 585
+11 1548
+6 1332
+2 3024
-2 756
+2 756
-2 756
+4 5320
cfn=(170)
calls=760 132 
* 24531
+1 3804
-10 133
fi=(41) /usr/src/debug/glibc-2.17-c758a686/elf/../sysdeps/generic/dl-hash.h
32 133
-1 133
+1 665
+2 266
+1 399
+2 266
+1 399
+2 266
+1 399
+2 123
+1 123
-1 123
+2 369
+3 3006
+1 2004
+13 2004
-17 3006
+22 738
fe=(6)
263 246
fi=(41)
67 50
fe=(6)
263 20

fn=(170)
132 6139
+1 1754
+2 1754
+2 1290
-2 860
+12 1290
+3 2276
cfi=(19)
cfn=(54)
calls=354 -18 
* 6677
* 708
+5 121
-1 121
+1 121
-1 121
+1 121
+2 238
+19 238
+1 952
+46 726
-18 4
+2 4
+1 8
-1 4
+1 2
-1 4
+9 309
+7 4536
-45 357
cfi=(19)
cfn=(54)
calls=119 -46 
* 10367
* 476
-43 894
+81 1341

fn=(164)
716 1596
477 133
716 266
477 399
-1 266
+2 133
-1 133
+1 399
-1 399
+1 1524
-1 1524
+1 4572
-1 4838
718 133
+4 133
+9 133
-13 133
+15 133
-14 266
+14 133
-2 133
+6 1064
+2 1729
cfn=(166)
calls=133 82 
* 115508
+3 266
+3 12
-8 48
-7 266
+40 266
+24 121
+1 847
+26 121
+9 605
+14 363
+3 484
+5 121
+2 1064
-82 84
+18 12
+1 24
+54 2

fl=(10)
fn=(20)
26 42
+1 42
+1 42
+1 42
+2 19
+1 19
+2 19
+1 19
-1 51
+1 51
+1 68
+1 68
+1 68
+2 80
+5 40
+1 40
+1 40
+1 40
+3 40
-6 12
+1 12
+1 12
+1 12
+3 12
+1 48
+1 48
+1 48
+2 48
+3 42
+1 42
+1 42
+1 42
+3 42
+1 30
+1 30
+1 30
+2 30
+3 23
+1 23
+1 23
+1 23
+3 23
+1 20
+1 20
+1 20
+2 20
+3 18
+1 18
+1 18
+1 18
+3 18
+1 14
+1 14
+1 14
+2 16
+3 2
+2 2
+1 2
-3 38
+2 38
+1 38
+1 38
+2 38
+1 38
+1 32
+2 32
+1 32
+1 20
+2 20
+1 20
+1 17
+2 17
+2 17
+1 17
+1 8
+2 8
+1 8
+1 5
+2 5
+1 5
+1 1
+2 1
+1 1
-1 41
+1 41

fl=(38)
fn=(138)
35 15
-1 15
+1 15
+1 90
+4 4
-4 44

fl=(9)
fn=(18)
39 1
+7 1
-7 5
+7 1
-7 1
+10 1
-3 1
+3 5
188 2
+1 7
+7 3
+4 2
+2 4
+41 2
+4 4
+1 2
+3 1
+2 1
-2 3
+2 2
+3 2
+51 1
+1 1
+1 1
+1 8
206 2
+1 1
+6 3
+2 1
+3 3
+16 2
+1 1
+2 2
60 1
-31 2
+4 1
-4 1
+5 1
-1 1
+31 1
-30 1
+30 1
-31 1
+27 2
-26 1
+30 1
+1 1
-36 2
+3 1
+28 1
+5 1
+5 1
-17 1
+17 1
+3 1
+1 7
+67 5
-32 2
+22 3
+23 1
53 2

fl=(110) /usr/src/debug/glibc-2.17-c758a686/elf/dl-fini.c
fn=(626) _dl_fini
132 3
+12 1
-12 5
+19 1
-6 1
+9 10
+3 2
cfi=(2)
cfn=(50)
calls=1 787 
* 2
+3 2
+3 2
+2 7
+11 3
+2 2
+3 21
+11 2
+2 10
+4 5
+2 5
-2 10
+6 5
-5 5
-7 15
+19 6
cfn=(628) _dl_sort_fini
calls=1 33 
* 352
+9 2
cfi=(2)
cfn=(52)
calls=1 793 
* 2
+4 4
+2 1
+2 3
-2 4
+2 12
+3 10
+3 15
+4 6
+7 6
+4 3
+1 3
-1 3
+2 6
+1 9
+1 6
cob=(4)
cfi=(53)
cfn=(668) 0x00000000000056d0
calls=1 0 
* 75
cob=(5) /usr/sup/valgrind-3.11.0/lib/valgrind/vgpreload_core-amd64-linux.so
cfi=(60) ???
cfn=(642) 0x0000000000000600
calls=1 0 
* 1115
cob=(6)
cfi=(69)
cfn=(630) 0x0000000000400bb0
calls=1 0 
* 13
-1 9
+5 9
+1 9
cob=(2) ???
cfi=(16) ???
cfn=(684) 0x0000000004c96338
calls=1 0 
* 3
cob=(2)
cfi=(16)
cfn=(666) 0x0000000004a247a8
calls=1 0 
* 3
cob=(2)
cfi=(16)
cfn=(640) 0x0000000000403660
calls=1 0 
* 3
+5 30
+16 10
-55 11
-70 2
284 6
-49 4
+55 2
+7 8

fn=(628)
33 8
+2 1
-2 3
+2 1
+6 1
-1 3
+1 2
-1 1
+1 14
+1 3
-1 1
+1 1
cfi=(26)
cfn=(84)
calls=1 -12 
* 16
+15 8
+62 5
+3 24
cfi=(26)
cfn=(84)
calls=3 -92 
* 30
* 12
-76 9
+1 9
+4 9
+71 2
-76 3
+1 3
+4 11
+6 4
+1 4
-1 4
+1 10
+2 12
+1 6
-1 12
+1 9
+3 21
-1 30
+31 18
+21 6
-57 12
+61 16
+7 8

fl=(58)
fn=(218)
316 4
+5 1

fl=(59)
fn=(222)
90 10
+5 1
-4 1
-1 1
+2 1
+3 2
+7 6
+28 3
+1 4
-97 3
+97 16
-97 12
+9 4
-3 8
+3 12
+5 9
+5 4
+8 4
+2 4
+4 8
cob=(2)
cfi=(16)
cfn=(258) 0x0000000004c2b1a0
calls=1 -67 
* 6
cob=(3)
cfi=(61) /usr/src/debug/glibc-2.17-c758a686/csu/../csu/init-first.c
cfn=(236) _init
calls=1 -15 
* 158
+4 2
+1 4
+6 4
+2 4
-2 2
+3 12
+1 8
cob=(4)
cfi=(53)
cfn=(262) 0x0000000000005710
calls=1 -82 
* 16
cob=(3)
cfi=(66) /usr/src/debug/glibc-2.17-c758a686/libio/vtables.c
cfn=(246) check_stdfiles_vtables
calls=1 -1 
* 11
* 4
cob=(3)
cfi=(67) /usr/src/debug/glibc-2.17-c758a686/string/../sysdeps/x86_64/cacheinfo.c
cfn=(248) init_cacheinfo
calls=1 478 
* 1879
* 3
-1 10
+49 10
+4 1
+1 8
-86 4
-15 3
+9 1
-3 2
+3 3
+5 3
+5 2
+8 2
+2 2
+4 5
cob=(2)
cfi=(16)
cfn=(224) 0x0000000004a24510
calls=1 -67 
* 6
* 1
+4 1
+1 2
+6 2
+2 2
-2 1
+3 6
+1 4
cob=(5)
cfi=(60)
cfn=(228) 0x0000000000000640
calls=1 -82 
* 17
* 1
-1 4
+17 2
-54 3

fl=(22)
fn=(62)
81 4
+1 1

fl=(27)
fn=(90)
75 2

fn=(86)
51 10
+5 8
+5 2
-1 1
+1 2
+1 2
-1 2
-9 5
+4 10
+4 1
-1 1
-59 5

fl=(18)
fn=(68)
61 66
+4 66
+3 66
+1 66
+2 25
+1 25
+2 25
+1 25
+5 25
+1 25
-1 41
+1 41
+2 43
+1 43
+2 43
+1 43
+5 43
+1 43
-1 23
+1 23
+2 19
+1 19
+2 19
+1 19
+5 19
+1 19
-1 47
+1 47
+2 41
+1 41
+2 41
+1 82
+5 41
+1 41
-1 25
+1 33
+5 8
+1 8
+1 8
+1 8
+2 8
+2 8
+1 8
+2 8
+6 66
+4 66
+12 1
+2 1
+1 1
+26 1
+1 1
+3 1
+1 1
+1 1
+5 1
+2 1
+1 1
+1 1
+1 1
+2 1
+1 1
+1 1
+1 1
+2 1
+1 1
+2 1
+2 1
+2 1
+1 1
+1 1
+1 1
+2 1
+1 1
+1 1
+1 1
+2 1
+1 1
+2 3
+5 1
+2 1

fn=(46)
61 34
+2 34
+2 34
+3 33
+1 33
+2 19
+1 19
+2 19
+1 19
+5 19
+1 19
-1 14
+1 14
+2 12
+1 12
+2 12
+1 24
+5 12
+1 12
-1 21
+1 21
+2 10
+1 10
+2 10
+1 10
+5 10
+1 10
-1 23
+1 23
+2 23
+1 23
+2 23
+1 23
+5 23
+1 23
-1 10
+1 22
+5 12
+1 12
+1 12
+1 12
+2 12
+2 12
+1 12
+2 12
+8 33
+8 6
+6 6
+2 6
+1 6
+3 3
+1 9
+5 3
+1 3
+2 3
+2 3
+1 3
+2 3
-8 5
+1 5
+2 5
+2 5
+1 5
+2 11
+9 3
+1 3
-1 3
+1 3
+3 6
+1 6
+1 6
+5 8
+2 8
+1 8
+1 8
+1 8
+2 8
+1 8
+1 8
+1 8
+2 8
+1 8
+2 8
+2 5
+2 5
+1 5
+1 5
+1 5
+2 5
+1 5
+1 5
+1 5
+2 5
+1 5
+2 11
+5 3
+6 3
+1 3
-7 3
+6 3
+1 3
+2 1

fl=(37)
fn=(134) openaux
60 10
+7 5
-4 15
+1 5
-1 5
+1 5
-1 25
cfi=(23)
cfn=(104)
calls=5 2131 
* 12729
* 5
+5 10

fn=(130)
147 1
+1 1
-1 2
+1 1
-1 1
+1 1
-1 1
+1 2
-1 4
+1 2
-1 1
+1 2
-1 1
+1 10
+15 1
-15 1
+16 1
-2 1
+1 1
-15 1
+16 1
+6 3
+10 1
-10 1
+10 3
-14 1
-4 1
+2 1
+17 1
-17 1
-2 2
+2 1
-2 1
+2 1
-2 1
+1 1
+1 1
+6 3
+10 1
-10 1
+10 3
-16 4
+20 1
+21 1
+1 1
-22 2
+19 1
-12 1
+15 1
-16 1
+13 1
347 9
215 1
+4 1
-8 1
+8 2
-4 4
+4 4
-8 4
+8 8
+12 15
+2 6
+6 3
-6 6
+5 3
+1 3
+5 3
-4 3
+4 3
-4 3
+1 3
+3 3
-3 3
+3 6
-32 3
+32 6
+1 162
+6 20
cfi=(23)
cfn=(132)
calls=5 +31 
* 446
* 15
+5 25
-3 5
+3 5
cfi=(30)
cfn=(96)
calls=5 -97 
* 13104
+2 15
+15 5
+2 10
+19 10
+1 9
-51 324
475 10
+2 9
+3 6
-1 3
cfi=(17)
cfn=(40)
calls=3 93 
* 102
* 3
+2 3
-2 3
+2 3
+3 3
+1 12
-1 3
+1 3
cfi=(18)
cfn=(46)
calls=3 61 
* 68
+1 15
cfi=(18)
cfn=(46)
calls=3 61 
* 68
+4 3
-1 3
+5 36
+3 12
-1 5
+1 10
204 1
501 6
+1 2
+3 6
+11 4
-1 1
cfi=(17)
cfn=(40)
calls=1 93 
* 34
* 1
+3 1
-3 1
+3 2
+5 7
+1 4
+2 11
+6 12
+4 4
-10 4
+10 4
-10 9
+6 3
+4 1
-10 1
+10 1
-10 3
+13 2
+53 4
+43 18
+1 1
-1 3
-1 1
+2 1
cfi=(26)
cfn=(84)
calls=1 30 
* 16
* 11
+5 1
-1 1
+7 1
-6 1
+6 1
-11 9
+5 3
-1 3
+7 3
-6 3
+6 6
+2 12
+1 6
-1 12
+1 9
+3 21
-1 30
+23 6
-28 12
+31 12
+3 30
cfi=(26)
cfn=(84)
calls=3 30 
* 30
* 12
280 18
+6 3
-6 6
+3 3
+1 3
+1 3
+1 3
+4 15
-2 12
-37 8
-20 8
-19 4
+7 10
+1 22
+2 3
+2 9
+2 22
+71 228
688 2
+2 1
+1 1
-1 1
+9 3
+3 2
+3 8
226 26
628 10
cfi=(18)
cfn=(46)
calls=1 61 
* 42
+2 4
+33 3

fl=(25)
fn=(78)
38 23
+1 23
+1 23
+1 23
+1 16
+1 16
+3 16
+1 16
+1 16
-2 53
+1 53
+1 53
+1 69
+1 69
+1 69
+1 69
+1 69
+9 23
+1 23
+1 23
+2 46
+32 23
+1 23
+1 23
+1 23
+2 23
+3 23
-8 2
+1 2
+1 2
+1 2
+2 2
+3 2
+1 25
+1 25
+1 25
+2 25
+5 24
+1 24
+1 24
+3 24
+1 23
+1 23
+1 23
+2 23
+3 17
+1 17
+1 17
+1 17
+2 17
+3 17
+1 17
+1 17
+1 17
+2 17
+5 17
+1 17
+1 17
+3 17
+1 16
+1 16
+1 16
+2 16
+2 7
+1 7
+1 7
+1 7
+2 7
+3 7
+1 7
+1 7
+1 7
+2 7
+5 7
+1 7
+1 7
+3 7
+1 6
+1 6
+1 6
+2 6
+2 4
+1 4
+1 4
+1 4
+2 4
+3 4
+1 4
+1 4
+1 4
+2 4
+5 4
+1 4
+1 4
+3 4
+1 4
+1 4
+1 4
+2 4
+4 22
+1 22
+11 1
+1 1
+1 1
+1 1
+47 1
+1 1

fl=(17)
fn=(40)
93 44
+1 88
cfn=(44) __libc_memalign
calls=44 -43 
* 1421
* 44

fn=(44)
51 180
+1 223
+11 44
+1 44
-1 44
+3 44
-3 44
+3 88
-3 1
+1 1
-1 1
+3 1
-3 1
+3 170
+4 12
+1 9
+6 21
cfi=(33)
cfn=(108)
calls=3 -45 
* 99
+2 15
+4 9
+3 3
+1 3
+2 15
-3 42
+1 42
+2 336
-31 3
+1 1
-2 3

fn=(82)
121 18
-2 36
+2 18
+7 16
-3 40
cfi=(26)
cfn=(84)
calls=10 -95 
* 228
+1 10
+2 20

fn=(74)
337 16
+1 32
+4 530
+7 1152
-2 792
+4 24
+6 218
-15 656
+18 2
+4 2
-4 12
+4 14
-11 24
+1 12

fn=(36)
102 10
+7 30
-3 10
+3 20
+4 10
cfn=(40)
calls=10 -20 
* 393
* 10

fl=(30)
fn=(142)
197 10
+1 1
cfi=(2)
cfn=(98)
calls=1 747 
* 2
+5 1
-1 1
-4 1
+9 1
+2 1
-3 1
+3 1
cfi=(2)
cfn=(144)
calls=1 611 
* 4528
+2 1
+1 1
+1 8

fn=(96)
159 42
+9 6
+2 6
cfi=(2)
cfn=(98)
calls=6 747 
* 12
* 6
+1 6
+2 12
-2 6
+2 6
cfi=(31)
cfn=(100)
calls=6 26 
* 120
+1 12
+2 12
+1 12
-1 6
+1 6
cfi=(37)
cfn=(134)
calls=5 60 
* 12814
cfi=(2)
cfn=(102)
calls=1 579 
* 2606
+1 6
+4 6
-4 6
+1 12
+1 12
+1 12
+10 24

fl=(28)
fn=(154)
144 1
+34 1
-34 1
+34 2
-45 1
+1 1
+2 1
-3 1
+2 1
-2 1
+43 1
-43 2
+50 1
-1 1
+5 2
-4 1
-1 1
+7 1
-7 1
+3 2
+2 1
+2 1
-2 2
+16 5
+2 1
+1 1
-1 2
+4 1
+6 1
-12 1
-25 5
+40 1
+53 4
-1 1
+1 3
-52 1
+52 1

fn=(188)
879 6
+6 1
+3 2
+5 5
+41 1
+1 3
+1 6

fn=(88)
111 2
+1 2

fn=(156)
349 1
+13 1
-13 2
+2 1
+11 2
cfi=(17)
cfn=(44)
calls=1 51 
* 78
* 1
+1 1
-1 1
+1 1
+7 1
+4 306
-58 1
+1 1
-1 1
+1 2
cfi=(17)
cfn=(36)
calls=1 102 
* 43
* 1
+1 2
+9 1
-6 1
+6 1
+64 5

fn=(214)
443 7
+1 1
-1 1
+1 1
+4 1
+6 2
-6 2
+6 2
+12 1
-15 1
-1 2
+21 6
+6 12
+3 1
+1 2
+7 1
+2 1
-2 2
+2 3
+1 1
+3 2
-1 2
+18 1
-2 1
-8 1
+8 2
-8 1
+8 1
cfi=(18)
cfn=(68)
calls=1 61 
* 23
* 4
cfi=(26)
cfn=(84)
calls=1 30 
* 150
* 2
-38 3
+52 2
+2 1
+1 8

ob=(4)
fl=(57)
fn=(206)
25 1
+1 1
+1 1
+1 1
+2 1

fl=(50)
fn=(192)
20 8

fl=(56)
fn=(204)
25 1
+1 1
+1 1
+1 1
+2 1

fl=(54)
fn=(200)
25 1
+1 1
+1 1
+1 1
+2 1

fl=(53)
fn=(212)
0 8

fn=(262)
0 16

fn=(668)
0 8
cob=(3)
cfi=(111) /usr/src/debug/glibc-2.17-c758a686/stdlib/cxa_finalize.c
cfn=(654) __cxa_finalize
calls=1 30 
0 53
0 1
0 1
cfn=(678) 0x0000000000005660
calls=1 0 
0 9
0 3

fn=(678)
0 9

fn=(210)
0 8

fn=(198)
0 8

fl=(51)
fn=(194)
25 1
+1 1
+1 1
+1 1
+2 1

fl=(49)
fn=(190)
15 8

fl=(55)
fn=(202)
10 5

fn=(208)
16 5

fl=(52)
fn=(196)
8 5

ob=(1)
fl=(28)
fn=(140)
52 3
+48 2
+4 1

ob=(5)
fl=(60)
fn=(228)
0 17

fn=(642)
0 8
cob=(1)
cfi=(70)
cfn=(281)
calls=1 71 
0 1089
0 5
0 1
cfn=(660) 0x0000000000000570
calls=1 0 
0 9
0 3

fn=(660)
0 9

ob=(6)
fl=(101) /h/achani01/cs40/hw7/bitpack.c
fn=(468) shr
31 1540448540
+1 616179416
+1 616179416
+1 60220
+2 1540297990
+1 616179416

fn=(466) Bitpack_fitsu
65 602200
+1 240880
+4 602200
cfn=(468)
calls=120440 -39 
* 1927040
* 240880
+1 240880

fn=(470) shl
19 1539846340
+1 615938536
+1 615938536
+1 60220
+2 1539695790
+1 615938536

fn=(508) Bitpack_getu
86 2154098716
+1 1230913552
+1 615456776
+2 3077283880
cfn=(470)
calls=307728388 -71 
* 4923654208
* 923185164
cfn=(468)
calls=307728388 -59 
* 4923654208
+2 1230913552

fn=(464) Bitpack_newu
97 1083960
+1 481760
+1 240880
+1 602200
cfn=(466)
calls=120440 -35 
* 3854080
* 361320
+2 602200
cfn=(468)
calls=120440 -71 
* 1927040
* 602200
cfn=(470)
calls=120440 -83 
* 1927040
* 120440
+1 1204400
cfn=(470)
calls=120440 -84 
* 1836710
* 361320
cfn=(468)
calls=120440 -72 
* 1836710
* 240880
+1 722640
+1 602200

fl=(92) /h/achani01/cs40/hw7-1/registers.c
fn=(374) registers_new
37 3
cob=(3)
cfi=(79) /usr/src/debug/glibc-2.17-c758a686/malloc/malloc.c
cfn=(322) malloc
calls=1 2894 
* 190
* 1
+1 2
+9 4
+2 2

fn=(608) registers_free
60 5
+1 2
cob=(3)
cfi=(79)
cfn=(412) free
calls=1 2930 
* 85
* 1

fn=(516) registers_get
99 826875987
+1 354375423
+9 130980105
+1 6691534
+2 26766136
-9 52387675
+1 44674585
+1 93910720
+1 72577765
+1 79770330
0 82866855

fn=(512) registers_put
74 508833992
+1 190812747
+10 5179229
+1 20716916
-8 28398915
+1 32670920
+1 52039975
+1 42901620
+1 62819815
+1 73293855

fl=(77) /comp/40/courseware/um/submissions/azsikl01.1/um_driver.c
fn=(418) populate_seg_zero
67 6
+1 2
+1 2
+2 2
+1 90330
cfn=(420) construct_word
calls=30110 +14 
* 31048247
* 30110
+2 180660
cfi=(91) /comp/40/courseware/um/submissions/azsikl01.1/um.c
cfn=(472) populate
calls=30110 188 
* 3251880
-3 120443
+5 4

fn=(420)
86 120440
+1 60220
+2 60220
+1 30110
+3 60220
+1 361320
cob=(3)
cfi=(95) /usr/src/debug/glibc-2.17-c758a686/libio/getc.c
cfn=(426) getc
calls=120439 -59 
* 4458413
cob=(1)
cfi=(70)
cfn=(281)
calls=1 -23 
* 1538
* 120444
* 120440
+1 361320
cob=(3)
cfi=(100) /usr/src/debug/glibc-2.17-c758a686/libio/feof.c
cfn=(462) feof
calls=120439 -60 
* 4335804
cob=(1)
cfi=(70)
cfn=(281)
calls=1 -24 
* 1194
* 120444
* 240880
+2 481760
+1 722640
cfi=(101)
cfn=(464)
calls=120440 -1 
* 18607980
* 120440
-5 572090
+8 30110
+1 60220

fn=(310) main
33 5
+1 2
+5 6
cob=(1)
cfi=(70)
cfn=(281)
calls=1 +32 
* 59823
* 5
* 1
+1 2
+3 7
cfi=(69)
cfn=(360) stat
calls=1 -43 
* 1307
+1 6
+2 3
cfi=(91)
cfn=(368) um_new
calls=1 +15 
* 774730
* 1
+1 3
+2 6
cfn=(418)
calls=1 +18 
* 34721686
+2 3
cob=(1)
cfi=(70)
cfn=(281)
calls=1 +20 
* 1753
* 5
+1 3
cfi=(91)
cfn=(506) um_execute
calls=1 +45 
* 36646507488

fl=(69)
fn=(298) 0x0000000000400be0
0 11

fn=(360)
0 4
cob=(1)
cfi=(70)
cfn=(281)
calls=1 71 
0 1298
0 5

fn=(390) UArrayRep_init
0 42445110

fn=(630)
0 5
cfn=(634) 0x0000000000400b40
calls=1 0 
0 5
0 3

fn=(272)
0 11
cob=(1)
cfi=(70)
cfn=(280)
calls=1 71 
0 36682068618
0 5

fn=(538) UArray_resize
0 480
cfn=(540) Mem_resize
calls=24 0 
0 754445
0 144

fn=(540)
0 384
cob=(3)
cfi=(79)
cfn=(546) realloc
calls=23 2964 
0 752276
cob=(1)
cfi=(70)
cfn=(281)
calls=1 71 
0 1565
0 28
0 192

fn=(378) Seq_new
0 22
cfn=(380) Mem_calloc
calls=2 0 
0 1829
0 12
cfn=(388) Mem_alloc
calls=2 0 
0 418
0 10
cfn=(390)
calls=2 0 
0 60
0 16

fn=(388)
0 15563207
cob=(3)
cfi=(79)
cfn=(322)
calls=1414837 2894 
0 141962630
0 1414837
0 9903859

fn=(616) Seq_free
0 18
cfn=(564) UArray_free
calls=2 0 
0 316

fn=(292) __libc_csu_init
0 16
cob=(2)
cfi=(16)
cfn=(294) 0x0000000000400998
calls=1 0 
0 6
0 7
cfn=(298)
calls=1 0 
0 11
0 11

fn=(392) Seq_addlo
0 272

fn=(416) Seq_put
0 78507548

fn=(564)
0 15563207
cfn=(566) Mem_free
calls=1414837 0 
0 132012855
0 7074185
cfn=(566)
calls=1414837 0 
0 131579837
0 4244511

fn=(634)
0 5

fn=(398) UArray_new
0 14148350
cfn=(388)
calls=1414835 0 
0 168844115
0 11318680
cfn=(380)
calls=1414835 0 
0 229784650
0 7074175
cfn=(390)
calls=1414835 0 
0 42445050
0 8489010

fn=(404) Seq_length
0 269652838

fn=(476) Seq_get
0 935486291

fn=(536) expand
0 168
cfn=(538)
calls=24 0 
0 755069
0 192
cob=(3)
cfi=(107) /usr/src/debug////////glibc-2.17-c758a686/string/../sysdeps/x86_64/multiarch/memcpy-ssse3-back.S
cfn=(578) __memcpy_ssse3_back
calls=11 59 
0 24656
cob=(1)
cfi=(70)
cfn=(281)
calls=1 71 
0 1237
0 16
0 108

fn=(394) Seq_addhi
0 35777398
cfn=(536)
calls=24 0 
0 781446
0 72

fn=(566)
0 8489022
cob=(3)
cfi=(79)
cfn=(412)
calls=2829674 2930 
0 252273996
0 2829674

fn=(380)
0 22637392
cob=(3)
cfi=(79)
cfn=(386) calloc
calls=1414836 3179 
0 194414001
cob=(1)
cfi=(70)
cfn=(281)
calls=1 71 
0 1549
0 1414841
0 11318696

fn=(402) UArray_at
0 2327439312

fn=(406) Seq_remlo
0 36238696

fn=(478) UArray_length
0 274842904

fn=(612) Seq_remhi
0 671544

fl=(93) /h/achani01/cs40/hw7/memory.c
fn=(562) memory_unmap
198 11280360
+1 2820090
+2 4230135
cfi=(69)
cfn=(476)
calls=1410045 0 
* 32431035
* 1410045
+1 2820090
+2 2820090
cfi=(69)
cfn=(564)
calls=1410045 0 
* 289058949
+2 2820090
cob=(3)
cfi=(79)
cfn=(322)
calls=1410045 2894 
* 138188541
* 1410045
* 1410045
+1 2820090
+2 4230135
+1 1410045
cfi=(69)
cfn=(394)
calls=1410045 0 
* 35984096
0 5640180
fi=(69)
cfi=(69)
cfn=(416)
calls=1410045 0 
0 39481260
0 7050225

fn=(376) memory_new
43 8
cob=(3)
cfi=(79)
cfn=(322)
calls=1 2894 
* 190
* 1
* 1
+1 2
+3 2
cfi=(69)
cfn=(378)
calls=1 -47 
* 1847
* 1
+1 2
+3 2
cfi=(69)
cfn=(378)
calls=1 -51 
* 520
* 1
+1 3
+4 3
cfi=(69)
cfn=(392)
calls=1 -56 
* 29
* 27
cfi=(69)
cfn=(392)
calls=9 -56 
* 243
+2 20
cob=(3)
cfi=(79)
cfn=(322)
calls=10 2894 
* 1890
* 10
* 10
+1 20
+2 20
+1 30
cfi=(69)
cfn=(394)
calls=10 -62 
* 250
* 20
+4 3
cfn=(396) memory_map
calls=1 +92 
* 767886
+2 7

fn=(474) memory_put
117 178539438
+1 32461716
cfi=(69)
cfn=(404)
calls=16230858 0 
* 113616006
* 32461716
+2 48692574
cfi=(69)
cfn=(476)
calls=16230858 0 
* 373309734
* 16230858
+1 32461716
+1 32461716
cfi=(69)
cfn=(478)
calls=16230858 0 
* 113616006
* 32461716
+2 48692574
cfi=(69)
cfn=(402)
calls=16230858 0 
* 292155444
* 113616006

fn=(524) memory_get
137 155690432
+1 38922608
cfi=(69)
cfn=(404)
calls=19461304 0 
* 136229128
* 38922608
+2 58383912
cfi=(69)
cfn=(476)
calls=19461304 0 
* 447609992
* 19461304
+1 38922608
+1 38922608
cfi=(69)
cfn=(478)
calls=19461304 0 
* 136229128
* 38922608
+2 58383912
cfi=(69)
cfn=(402)
calls=19461304 0 
* 350303472
* 97306520

fn=(610) memory_free
79 8
+3 3
cfi=(69)
cfn=(404)
calls=1 -82 
* 7
* 1
+1 3
+1 3
cfi=(69)
cfn=(612)
calls=1 -84 
* 18
* 63144
cfi=(69)
cfn=(612)
calls=21048 -84 
* 378864
* 21049
+3 42098
+3 9580
cfi=(69)
cfn=(564)
calls=4790 -90 
* 1415330
* 63147
+5 4
cfi=(69)
cfn=(404)
calls=1 -95 
* 7
* 1
+1 3
+1 4
cfi=(69)
cfn=(612)
calls=1 -97 
* 18
* 65032
cfi=(69)
cfn=(612)
calls=16258 -97 
* 292644
* 16259
+1 16259
cob=(3)
cfi=(79)
cfn=(412)
calls=16259 2930 
* 1447051
* 16259
* 32518
+4 2
cfi=(69)
cfn=(616)
calls=1 0 
* 167
+1 3
cfi=(69)
cfn=(616)
calls=1 0 
* 167
+1 2
cob=(3)
cfi=(79)
cfn=(412)
calls=1 2930 
* 89
* 1
* 5

fn=(396)
158 12733515
+2 4244505
cfi=(69)
cfn=(398)
calls=1414835 0 
* 482104030
* 1414835
+1 8489010
+4 5659340
cfi=(69)
cfn=(402)
calls=1414835 0 
* 25467030
* 28498660
cfi=(69)
cfn=(402)
calls=7124665 0 
* 128243970
* 25618500
+4 2829670
cfi=(69)
cfn=(404)
calls=1414835 0 
* 9903845
* 2829670
+1 1414835
cfi=(69)
cfn=(404)
calls=1414835 0 
* 9903845
* 2829670
+3 63117
cfi=(69)
cfn=(394)
calls=21039 0 
* 574570
* 147273
+4 2787592
cfi=(69)
cfn=(406)
calls=1393796 0 
* 36238696
* 2787592
+2 1393796
cob=(3)
cfi=(79)
cfn=(412)
calls=1393795 2930 
* 124001555
cob=(1)
cfi=(70)
cfn=(281)
calls=1 71 
* 1321
* 1393800
+1 5575184
cfi=(69)
cfn=(416)
calls=1393796 0 
* 39026288
+3 9756572

fl=(91)
fn=(506)
97 4
+1 2
+2 6
cfi=(69)
cfn=(476)
calls=1 0 
* 23
* 1
+1 2
+2 3
cfi=(69)
cfn=(478)
calls=1 0 
* 7
* 1
+1 1
+4 1
+1 425352610
cfi=(69)
cfn=(402)
calls=85070522 0 
* 1531269396
* 170141044
+1 425352610
cfi=(101)
cfn=(508)
calls=85070522 -24 
* 5274372364
* 85070522
+1 85070522
+3 170141044
+1 32553700
+1 162768500
cfi=(101)
cfn=(508)
calls=32553700 -30 
* 2018329400
* 32553700
+1 195322200
cfi=(101)
cfn=(508)
calls=32553700 -31 
* 2018329400
* 32553700
+1 195322200
cfn=(510) load_value
calls=32553700 465 
* 1171933200
+1 32553700
+3 262584110
cfi=(101)
cfn=(508)
calls=52516822 -36 
* 3256042964
* 52516822
+1 262584110
cfi=(101)
cfn=(508)
calls=52516822 -37 
* 3256042964
* 52516822
+1 262584110
cfi=(101)
cfn=(508)
calls=52516822 -38 
* 3256042964
* 52516822
+3 105033644
+2 21426654
cfn=(514) load_program
calls=3571109 423 
* 239264303
* 3571109
+2 21426654
cfi=(69)
cfn=(476)
calls=3571109 0 
* 82135507
* 3571109
+1 7142218
+2 10713327
cfi=(69)
cfn=(478)
calls=3571109 0 
* 24997763
* 7142218
+2 391565704
cfn=(518) instruction_call
calls=48945713 +18 
* 10700884161
-28 255211566

fn=(520) segmented_store
236 113405236
+1 32401496
+1 113405236
+2 97204488
cfi=(92)
cfn=(516)
calls=16200748 99 
* 243011220
* 16200748
+1 97204488
cfi=(92)
cfn=(516)
calls=16200748 99 
* 243011220
* 16200748
+2 97204488
cfi=(92)
cfn=(516)
calls=16200748 99 
* 243011220
* 113405236
cfi=(93)
cfn=(474)
calls=16200748 117 
* 1458067320
+1 48602244

fn=(368)
61 4
+1 2
cob=(1)
cfi=(70)
cfn=(281)
calls=1 +9 
* 1454
* 5
* 1
+1 2
+2 2
cfi=(92)
cfn=(374)
calls=1 -28 
* 202
* 2
+1 3
cfi=(93)
cfn=(376)
calls=1 -23 
* 773048
* 2
+2 1
+1 2

fn=(558) divide
290 1192352
+1 340672
+1 1192352
+2 1022016
cfi=(92)
cfn=(516)
calls=170336 99 
* 2555040
* 170336
+1 1022016
cfi=(92)
cfn=(516)
calls=170336 99 
* 2555040
* 170336
+1 340672
+2 1703360
cfi=(92)
cfn=(512)
calls=170336 74 
* 2725376
+1 511008

fn=(580) output
381 1267
+1 362
+1 1267
+2 1086
cfi=(92)
cfn=(516)
calls=181 99 
* 2715
* 181
+1 362
+2 543
cob=(3)
cfi=(108) /usr/src/debug/glibc-2.17-c758a686/libio/putchar.c
cfn=(586) putchar
calls=180 25 
* 17122
cob=(1)
cfi=(70)
cfn=(281)
calls=1 71 
* 1557
* 185
+1 543

fn=(472)
188 180660
+1 60220
+1 210770
cfi=(93)
cfn=(474)
calls=30110 -73 
* 2709900
+1 90330

fn=(518)
154 391565704
+1 97891426
+1 342619991
+1 342619991
+3 16478514
cfn=(530) conditional_move
calls=2746419 +41 
* 223687718
* 2746419
+1 116767824
cfn=(522) segmented_load
calls=19461304 +57 
* 3464112112
* 19461304
+1 97204488
cfn=(520)
calls=16200748 +74 
* 2932335388
* 16200748
+1 18846240
cfn=(528) add
calls=3141040 +91 
* 276411520
* 3141040
+1 629490
cfn=(556) multiply
calls=104915 272 
* 9232520
* 104915
+1 1022016
cfn=(558)
calls=170336 290 
* 15500576
* 170336
+1 25775340
cfn=(526) nand
calls=4295890 310 
* 382334210
* 4295890
+1 6
cfn=(604) halt
calls=1 328 
* 3883414
+1 8489004
cfn=(532) map_segment
calls=1414834 345 
* 1075617614
* 1414834
+1 8460270
cfn=(560) unmap_segment
calls=1410045 363 
* 653587661
* 1410045
+1 1086
cfn=(580)
calls=181 381 
* 27190
* 181
+5 146837136

fn=(522)
218 136229128
+1 38922608
+1 136229128
+2 116767824
cfi=(92)
cfn=(516)
calls=19461304 99 
* 291919560
* 19461304
+1 116767824
cfi=(92)
cfn=(516)
calls=19461304 99 
* 291919560
* 19461304
+2 136229128
cfi=(93)
cfn=(524)
calls=19461304 -88 
* 1654210840
* 136229128
cfi=(92)
cfn=(512)
calls=19461304 74 
* 311380864
+1 58383912

fn=(528)
254 21987280
+1 6282080
+1 21987280
+2 18846240
cfi=(92)
cfn=(516)
calls=3141040 99 
* 47115600
* 3141040
+1 18846240
cfi=(92)
cfn=(516)
calls=3141040 99 
* 47115600
* 3141040
+2 28269360
cfi=(92)
cfn=(512)
calls=3141040 74 
* 50256640
+1 9423120

fn=(532)
345 9903838
+1 2829668
+1 9903838
+2 8489004
cfi=(92)
cfn=(516)
calls=1414834 99 
* 21222510
* 1414834
+2 8489004
cfi=(93)
cfn=(396)
calls=1414834 158 
* 975164400
* 1414834
+1 9903838
cfi=(92)
cfn=(512)
calls=1414834 74 
* 22637344
+1 4244502

fn=(606) um_free
78 4
+1 4
+2 4
cfi=(92)
cfn=(608)
calls=1 -21 
* 93
+1 5
cfi=(93)
cfn=(610)
calls=1 -3 
* 3879750
+1 4
cob=(3)
cfi=(79)
cfn=(412)
calls=1 2930 
* 89
* 1
+1 3

fn=(526)
310 30071230
+1 8591780
+1 30071230
+2 25775340
cfi=(92)
cfn=(516)
calls=4295890 99 
* 64438350
* 4295890
+1 25775340
cfi=(92)
cfn=(516)
calls=4295890 99 
* 64438350
* 4295890
+2 42958900
cfi=(92)
cfn=(512)
calls=4295890 74 
* 68734240
+1 12887670

fn=(556)
272 734405
+1 209830
+1 734405
+2 629490
cfi=(92)
cfn=(516)
calls=104915 99 
* 1573725
* 104915
+1 629490
cfi=(92)
cfn=(516)
calls=104915 99 
* 1573725
* 104915
+2 944235
cfi=(92)
cfn=(512)
calls=104915 74 
* 1678640
+1 314745

fn=(560)
363 9870315
+1 2820090
+1 9870315
+2 8460270
cfi=(92)
cfn=(516)
calls=1410045 99 
* 21150675
* 1410045
+2 8460270
cfi=(93)
cfn=(562)
calls=1410045 198 
* 587315546
+1 4230135

fn=(510)
465 195322200
+1 65107400
+1 65107400
+2 227875900
cfi=(92)
cfn=(512)
calls=32553700 74 
* 520859200
+1 97661100

fn=(514)
423 28568872
+1 7142218
+1 24997763
+2 21426654
cfi=(92)
cfn=(516)
calls=3571109 99 
* 53566635
* 3571109
+3 7142218
+1 21426654
cfi=(92)
cfn=(516)
calls=3571109 99 
* 53566635
* 3571109
+24 14284436

fn=(530)
201 19224933
+1 5492838
+1 19224933
+2 16478514
cfi=(92)
cfn=(516)
calls=2746419 99 
* 41196285
* 5492838
+1 14773380
cfi=(92)
cfn=(516)
calls=2462230 99 
* 36933450
* 17235610
cfi=(92)
cfn=(512)
calls=2462230 74 
* 39395680
+2 8239257

fn=(604)
328 7
+1 3
+1 7
+2 3
cfn=(606)
calls=1 78 
* 3879957
+1 2
cob=(1)
cfi=(70)
cfn=(281)
calls=1 71 
* 3430
* 5

ob=(3)
fl=(76) /usr/src/debug/glibc-2.17-c758a686/setjmp/sigjmp.c
fn=(308) __sigjmp_save
29 2
-1 2
+1 2
+5 3

fl=(44) /usr/src/debug/glibc-2.17-c758a686/elf/../sysdeps/unix/sysv/linux/dl-vdso.c
fn=(176) _dl_vdso_vsym
27 4
-1 4
+1 4
+4 8
-3 8

fl=(46)
fn=(182)
27 2
+1 2
+1 2
+1 2
+1 2
+2 2
+1 2
+5 2

fl=(112) /usr/src/debug/glibc-2.17-c758a686/nptl/../nptl/sysdeps/unix/sysv/linux/unregister-atfork.c
fn=(656) __unregister_atfork
35 2
-8 4
+11 4
+82 4

fl=(63) /usr/src/debug/glibc-2.17-c758a686/misc/init-misc.c
fn=(240) __init_misc
30 4
+1 5
+2 3
cfi=(64) /usr/src/debug////////glibc-2.17-c758a686/string/../sysdeps/x86_64/strrchr.S
cfn=(242) __GI_strrchr
calls=1 -8 
* 44
+4 5
+1 3
+2 4

fl=(48)
fn=(186)
0 30

fl=(68) /usr/src/debug/glibc-2.17-c758a686/stdlib/bsearch.c
fn=(254) bsearch
26 8
+5 8
-5 72
+7 8
-7 16
+7 8
+7 10
+1 10
-8 20
+2 54
+2 54
-2 54
+1 162
+1 108
cfi=(67)
cfn=(256) intel_02_known_compare
calls=54 +84 
* 324
+1 108
+1 44
-6 88
+14 8
-1 8
+1 56

fl=(97) /usr/src/debug/glibc-2.17-c758a686/io/../sysdeps/unix/sysv/linux/wordsize-64/fxstat.c
fn=(440) _fxstat
35 2
-1 2
+1 2
+1 12
+4 2

fl=(88) /usr/src/debug////////glibc-2.17-c758a686/io/../sysdeps/unix/syscall-template.S
fn=(354) __open_nocancel
81 5

fn=(452) read
81 30
cfn=(454) __read_nocancel
calls=15 * 
* 75

fn=(598) write
81 14
cfn=(600) __write_nocancel
calls=7 * 
* 35

fn=(494) __close_nocancel
81 5

fn=(454)
81 75

fn=(600)
81 35

fn=(352) open
81 2
cfn=(354)
calls=1 * 
* 5

fl=(102) /usr/src/debug/glibc-2.17-c758a686/libio/iofclose.c
fn=(484) fclose@@GLIBC_2.2.5
39 3
+14 1
-14 1
+14 3
+3 18
+4 3
-3 2
fi=(99) /usr/src/debug/glibc-2.17-c758a686/libio/libioP.h
887 2
+1 3
fe=(102)
62 1
fi=(99)
959 3
+2 2
+1 2
fe=(102)
62 3
cfi=(87) /usr/src/debug/glibc-2.17-c758a686/libio/fileops.c
cfn=(500) _IO_file_finish@@GLIBC_2.2.5
calls=1 207 
* 36
+1 3
+18 6
+2 1
+1 2
cfi=(79)
cfn=(412)
calls=1 2930 
* 114
* 1
+4 5
-10 2
-24 1
cfi=(86) /usr/src/debug/glibc-2.17-c758a686/libio/genops.c
cfn=(486) _IO_un_link
calls=1 +6 
* 80
* 3
+4 2
cfi=(87)
cfn=(488) _IO_file_close_it@@GLIBC_2.2.5
calls=1 165 
* 120
* 3
fi=(99)
888 6
fe=(102)

fl=(82) /usr/src/debug/glibc-2.17-c758a686/elf/dl-addr.c
fn=(328) _dl_addr
126 9
+5 1
-5 2
+5 2
cob=(1)
cfi=(2)
cfn=(50)
calls=1 787 
* 2
+3 6
+1 4
+1 20
+1 2
30 1
+1 1
-1 1
+4 2
+5 1
+6 1
-7 1
+2 2
+2 1
-2 1
+2 1
+3 1
+5 7
+2 1
+1 2
-1 1010
+1 2020
+2 4963
+6 11180
+2 8944
+1 16335
+7 2236
-2 2236
+2 5483
-21 2022
+49 3
+1 1
+1 3
+3 2
+41 3
cob=(1)
cfi=(2)
cfn=(52)
calls=1 793 
* 2
+3 9
-13 9
-19 1
+1 1
+23 2

fl=(84) /usr/src/debug/glibc-2.17-c758a686/misc/sbrk.c
fn=(338) sbrk
34 17
+8 17
-8 51
+8 99
+4 34
+4 53
+3 14
cfi=(85) /usr/src/debug/glibc-2.17-c758a686/misc/../sysdeps/unix/sysv/linux/x86_64/brk.c
cfn=(340) brk
calls=14 -22 
* 182
* 28
+4 85
-14 34
cfi=(85)
cfn=(340)
calls=17 -12 
* 221
* 68
+9 2
+1 4

fl=(72) /usr/src/debug/glibc-2.17-c758a686/csu/../csu/libc-start.c
fn=(286) (below main)
132 7
+4 1
-4 3
+4 7
+62 1
-62 1
+62 1
+1 4
cfi=(73) /usr/src/debug/glibc-2.17-c758a686/stdlib/cxa_atexit.c
cfn=(288) __cxa_atexit
calls=1 56 
* 61
+22 6
+3 2
+1 5
cob=(6)
cfi=(69)
cfn=(292)
calls=1 0 
* 51
+4 4
+15 2
+9 2
cfi=(74) /usr/src/debug////////glibc-2.17-c758a686/setjmp/../sysdeps/x86_64/bsd-_setjmp.S
cfn=(304) _setjmp
calls=1 31 
* 30
+1 2
+5 2
+1 2
+3 2
+3 6
cob=(6)
cfi=(77)
cfn=(310)
calls=1 33 
* 36682066845

fl=(95)
fn=(426)
35 120440
+3 120440
-3 120440
+3 1806600
+1 722595
fi=(99)
887 240880
+1 963520
fe=(95)
42 361320
-3 30
cfi=(86)
cfn=(428) __uflow
calls=15 349 
* 2459
* 30

fl=(81) /usr/src/debug/glibc-2.17-c758a686/malloc/arena.c
fn=(326) ptmalloc_init.part.7
368 6
+11 1
-8 1
+8 1
+7 3
+2 5
+16 2
-71 144
+16 72
-18 219
449 2
+5 2
+1 2
+2 1
+1 7
-78 5
cfi=(82)
cfn=(328)
calls=1 126 
* 56537
* 2
+1 4
-47 12
+1 6

fl=(74)
fn=(304)
31 1
+2 1
cfi=(75) /usr/src/debug////////glibc-2.17-c758a686/setjmp/../sysdeps/x86_64/setjmp.S
cfn=(306) __sigsetjmp
calls=1 -7 
* 28

fl=(65) /usr/src/debug/glibc-2.17-c758a686/ctype/ctype-info.c
fn=(244) __ctype_init
32 5
+2 1
-2 2
+2 3
+2 5

fl=(94) /usr/src/debug////////glibc-2.17-c758a686/string/../sysdeps/x86_64/memset.S
fn=(400) __GI_memset
57 173746
+1 173746
+1 173746
+1 173746
+1 173746
+2 173746
+1 173746
+8 112039
+10 173746
+1 173746
+1 173746
+1 173746
+1 173746
+1 173746
+1 173746
+1 173746
+1 173746
+1 173746
+1 173746
+1 173746
+1 173746
+1 235453
+3 61707
+1 61707
+1 61707
+1 61707
+1 61707
+1 61707
+1 61707
-6 1906
+1 1906
+1 1906
+1 1906
+1 1906
+1 1906
+1 1906
+1 61707

fl=(80) /usr/src/debug/glibc-2.17-c758a686/malloc/hooks.c
fn=(548) realloc_hook_ini
37 9
+1 1
fi=(81)
370 1
fe=(80)
39 1
-1 1
fi=(81)
370 2
fe=(80)
39 1
fi=(81)
370 1
fi=(79)
2972 2
+4 6
+4 2
+5 1
-2 1
+2 1
+2 1
-2 1
+2 2
+3 3
+6 4
+1 2
+7 12
+2 2
fe=(80)
42 9
fi=(79)
2988 1
+36 6
+2 6
cfn=(552) _int_realloc
calls=1 4204 
* 297
* 1
+2 4
+4 4
fe=(80)

fn=(324) malloc_hook_ini
30 2
fi=(81)
370 3
fe=(80)
29 3
cfi=(81)
cfn=(326)
calls=1 368 
* 57034
* 1
+4 1
-1 1
cfi=(79)
cfn=(323) malloc'2
calls=1 2894 
* 1222

fl=(98) /usr/src/debug/glibc-2.17-c758a686/misc/../sysdeps/unix/sysv/linux/wordsize-64/mmap.c
fn=(442) mmap
32 4
+1 4
-1 36
+1 12
+1 40
+2 28
-3 8

fl=(89) /usr/src/debug/glibc-2.17-c758a686/string/../string/strstr.c
fn=(356) __GI_strstr
53 8
+10 3
+2 2
+1 1
+23 8
-26 1
-5 2

fl=(106)
fn=(576)
32 1
+2 1
+1 1
+6 1
+1 1
+1 1
+1 1
+1 1
+1 1
+1 1
+1 1

fl=(108)
fn=(586)
25 181
+2 181
-2 181
+2 3258
+1 543
fi=(99)
887 362
+1 1448
fe=(108)
31 543
-3 362
cfi=(86)
cfn=(588) __overflow
calls=181 229 
* 9977
* 362

fl=(79)
fn=(412)
2930 8479466
+1 8479466
+5 8479466
+5 4239733
-2 4239733
+2 8479466
+16 12719193
+1 12719193
cfn=(414) _int_free
calls=4239731 3817 
* 309887284
-14 6
+1 4
+1 4
+2 2
+1 2
-1 2
+1 2
+1 4
2825 4
+1 2
+6 2
-7 2
+7 12
+7 2
+1 2
+5 2
cfi=(103) /usr/src/debug////////glibc-2.17-c758a686/misc/../sysdeps/unix/syscall-template.S
cfn=(496) munmap
calls=2 81 
* 10

fn=(332) malloc_consolidate
4100 80
+22 20
+1 27
+12 9
4965 9
4125 9
+11 9
-1 9
4963 9
+2 9
-2 36
4138 18
+1 18
-1 162
+1 221
+22 4777
-1 4777
+1 62935
+4 37737
+4 37737
-3 37737
+1 37737
+2 37737
+1 2416
+1 2416
+3 2416
+1 2416
+1 2416
-2 2416
+12 2416
-12 2416
+3 2416
+9 2416
-12 35321
+1 35321
+1 35321
-2 35321
+12 35321
-12 35321
+3 35321
+9 73031
-41 37710
-3 37710
+3 75420
+1 37710
+1 75420
+2 75420
-4 31
-3 31
+3 62
+1 31
+1 62
+2 62
+1 7006
+2 7006
-1 7006
+2 104390
+3 75482
+3 75474
+4 65920
+18 4
+1 4
+4 4
-4 4
+1 4
+3 6
+3 360
+6 73
-73 3
1835 1
+2 3
-2 128
+2 378
-2 252
+6 3
+5 1
+2 1
-2 1
4195 8
1845 3

fn=(414)
3817 42397310
+13 12719193
+6 16958924
+1 8479462
+13 16958924
+13 8479462
+11 16958828
+1 12719121
1915 4239707
3899 4239707
1915 8479414
3901 12719121
+1 8479414
+1 4239707
+3 4239707
-3 4239707
+9 12719121
-5 12719121
+14 16935526
+2 4239707
+2 25438242
+2 16935526
4083 33917656
3938 48
3828 24
3939 48
+9 24
-4 24
+4 48
+6 48
+8 72
+6 48
+1 48
+1 48
1915 72
3979 48
+7 48
+5 48
+4 24
+9 24
-1 24
+2 48
+7 24
-2 24
+1 24
+1 24
+2 1
+1 1
+2 1
+1 1
+2 3
+1 1
+30 2
-34 23
+1 23
+2 69
+1 23
+30 46
+1 2
+3 3
+16 48
+2 96
+10 192
3940 144
+1 48
4057 5
+2 4
cfn=(614) systrim.isra.2
calls=1 2758 
* 215
* 1
-6 2
cfn=(332)
calls=1 +47 
* 432690
* 1
-97 72
-2 48

fn=(330) _int_malloc
3317 12719241
+30 4239747
-30 25438482
+30 31091573
+4 8479494
+14 8479494
+1 12719127
+1 4239709
+1 4239709
-1 8479418
+5 8479418
+3 20928520
+1 4185704
-1 4185704
+1 8371408
+26 108086
+1 108064
+1 108064
+2 162096
+1 19660
+3 9829
+1 19658
+5 9829
+1 9829
+1 9829
+2 29487
1908 4196947
3749 4196947
1908 8393894
3751 4196947
+58 33917976
3347 5652920
+95 83
+1 22
+1 16
cfn=(332)
calls=4 4100 
* 315913
* 8
3794 4
4965 8
3794 12
+2 100
4963 4
+2 4
-2 12
3463 8
3794 44210
4965 88420
3794 132630
+2 1105250
4963 44210
+2 44210
-2 132630
3463 88428
+67 64122
+1 128244
+1 42748
+45 21374
+7 21374
-6 21374
+1 21374
+1 21374
+1 21374
+3 21374
-52 12
+45 12
+7 12
-6 12
+1 12
+1 12
+1 12
+3 12
3463 196809
+2 28473
-1 28473
+1 56946
+1 56946
+7 28473
+10 93714
+34 22042
-5 22042
+1 22042
+4 22042
+12 42772
+6 80
+1 4
+1 4
+3 8
-5 53
+1 3
+1 3
+3 6
-5 25
+1 5
+1 5
+3 10
+34 48
-39 29
-50 7192
-1 14384
+2 7176
-1 14352
+4 6431
+1 12862
+4 12862
-3 12862
+1 12862
+1 12862
+1 6431
+2 6130
+1 6130
+3 42910
+2 12260
-2 6130
+2 6130
+4 6130
1908 6130
3503 6130
1908 12260
3500 2107
+2 602
-2 301
+2 301
+4 301
1908 301
3503 301
1908 84890
3535 14
+58 74262
+70 37131
+1 37131
+1 37131
-1 37131
+1 37131
+1 74262
+1 74262
+5 148728
+2 107232
+2 142916
-2 107166
+2 142868
-2 71418
+2 107112
+95 35717
+3 35717
-2 71434
+2 71434
+16 38
+1 8
cfn=(332)
calls=4 4100 
* 540055
+2 4
+1 4
-1 4
3684 1194
+1 1194
-2 5318
+7 1465
+3 2930
+1 51
+1 51
+1 51
-2 204
+59 51
3519 656
-1 1312
+1 1312
1908 656
3522 656
1908 1312
3524 1312
3378 20928520
3594 22
+3 33
3442 63
3676 60
+2 15
+1 30
-1 12
+1 24
3442 4
3700 4242
+8 1414
-3 2828
+3 17001
+3 2828
+2 669
-1 669
+1 2007
-37 36
+48 745
-5 745
+6 1490
+11 745
-6 745
+1 745
+1 745
+1 745
+3 745
+1 745
+1 1490
+2 11
+1 11
+2 77
+2 22
-2 11
+2 11
+1 22
-3 5138
+2 1468
-2 734
+2 734
+1 1468
3408 4
cfn=(332)
calls=1 4100 
* 793
* 3
+34 14
3803 60
cfn=(334) sysmalloc
calls=15 2286 
* 2427
+1 15
-1 15
+1 15
1908 60
3778 35698
-3 35698
+1 71396
+2 35698
-1 35698
+1 71396
+2 35698
-2 107094
+5 35698
-5 35698
+2 35698
1908 107094
3708 132

fn=(386)
3179 1414837
+13 4244511
-13 1414837
+10 2829674
+3 1414837
-13 4244511
+13 1414837
+8 2829674
+1 2829674
+10 16978044
+7 1414837
+8 1414837
-7 2829674
+7 2829674
+15 4244511
cfn=(330)
calls=1414837 +76 
* 86543965
+6 1414837
-6 1414837
+6 1414837
+7 5659348
+3 2829674
+6 4244511
+46 7446546
-36 1414837
-3 1414837
+3 2829674
-13 1414837
+13 2829674
+10 1414837
+1 2829674
+3 2829674
+7 1241091
-3 1241091
+1 1241091
+1 2482182
+1 1241091
+3 60831
-2 60831
+1 60831
+1 60831
+3 44813
-2 44813
+1 44813
+1 44813
+1 42509
+1 85018
-29 55140
+15 521238
cfi=(94)
cfn=(400)
calls=173746 57 
* 4329410
+21 1216222

fn=(322)
2894 11299584
+5 5649792
+1 5649792
+3 19774265
+2 8474685
cfn=(330)
calls=2824895 3317 
* 167157831
+3 2824895
-3 2824895
+3 2824895
+6 5649790
+1 11299580
+5 14124475
-17 16949370
+5 5649790
-7 1
+19 3
-19 1
cfi=(80)
cfn=(324)
calls=1 30 
* 58267

fn=(323)
2894 4
+5 2
+1 2
+3 7
+2 3
cfn=(330)
calls=1 3317 
* 1182
+3 1
-3 1
+3 1
+6 2
+1 4
+5 5
-17 6
+5 2

fn=(614)
2758 8
+10 2
-1 1
+1 1
+3 4
+2 2
+6 5
cfi=(83) /usr/src/debug/glibc-2.17-c758a686/malloc/morecore.c
cfn=(336) __default_morecore
calls=1 46 
* 45
* 1
+1 4
+35 8
-23 3
cfi=(83)
cfn=(336)
calls=1 46 
* 68
+2 2
+1 2
+2 2
cfi=(83)
cfn=(336)
calls=1 46 
* 45
+2 1
+2 2
+3 2
+3 2
-1 1
+1 2
+2 2

fn=(334)
2286 135
+21 15
+11 15
-11 30
+11 15
+1 43
+79 13
+20 13
-19 26
+19 26
2724 26
+6 13
+3 13
-3 13
+3 26
+1 13
+3 39
-2 13
+2 26
+1 13
-1 13
-1 13
+1 13
+1 13
+2 13
+6 104
-6 2
+6 16
-21 26
2320 6
+14 8
+6 4
2469 26
+19 26
-19 65
+19 26
+8 13
-8 13
+8 13
2342 16
cfi=(98)
cfn=(442)
calls=2 32 
* 66
+2 6
+34 2
-5 6
+5 8
+3 2
+1 2
-1 2
+1 2
+1 4
2497 78
cfi=(83)
cfn=(336)
calls=13 46 
* 842
+1 13
-1 13
+1 13
+3 52
+2 26
+1 26
+18 26
+25 26
+2 26
2400 13
2555 13
-6 13
+6 37
+1 60
+2 6
+42 3
+19 1
+3 2
+1 4
+3 1
-3 1
+3 2
cfi=(83)
cfn=(336)
calls=1 46 
* 45
+12 3
+5 2
+1 4
+35 1
+1 1
-2 1
+1 2
+12 1
-12 1
+1 2
+11 1
2379 4
2548 5
+10 2

fn=(546)
2964 216
+7 48
+1 48
+4 138
+4 46
+5 23
-2 23
+2 23
+2 23
-2 23
+2 46
+3 63
+6 92
+1 46
+7 276
+2 46
2854 2
+1 2
-1 2
+12 2
-12 2
+9 10
+3 4
+3 20
cfi=(103)
cfn=(602) mremap
calls=2 81 
* 12
+3 8
+9 2
-2 2
-5 2
+5 4
+2 2
+1 2
-3 2
+4 2
-1 2
+1 2
3012 2
+33 207
-57 25
+36 126
+2 126
cfn=(552)
calls=21 4204 
* 750344
* 21
+2 84
+4 84
2884 4
+89 1
+72 7
-72 1
cfi=(80)
cfn=(548)
calls=1 37 
* 385

fn=(552)
4204 198
+16 66
+1 88
+15 44
+1 66
+1 44
+1 44
+6 44
+8 44
+12 14
-1 28
+10 42
cfn=(330)
calls=14 3317 
* 681625
+1 14
-1 14
+1 14
+4 14
-1 14
+6 28
+5 70
cfi=(104) /usr/src/debug////////glibc-2.17-c758a686/string/../sysdeps/x86_64/memcpy.S
cfn=(554) __GI_memcpy
calls=14 61 
* 66834
3830 42
+6 56
+1 28
+13 56
+13 28
+11 6
+1 6
1915 6
3901 6
+1 4
+1 2
+3 2
-3 2
+9 4
-5 4
+14 4
+2 2
+2 12
+2 6
4319 198
3938 24
+10 12
-4 12
+4 24
+6 24
+8 36
+6 24
+1 24
+1 24
1915 36
3979 24
+7 24
+5 24
+4 11
+9 11
-1 11
+2 22
-1 1
-1 1
+2 2
+7 12
-2 12
+1 12
+1 12
+2 9
+1 9
+2 9
+1 9
+2 27
+1 9
+30 27
-34 3
+1 3
+2 9
+1 3
+30 9
+1 4
+3 6
4255 8
-1 8
-1 16
+3 40
+2 8
-2 8
+2 8
-2 16
+1 8
+3 8
-4 8
+1 8
+1 8
+2 8
3992 17
+1 2
+64 12
3956 36
-2 24
+38 12

fl=(83)
fn=(336)
46 17
+1 17
cfi=(84)
cfn=(338)
calls=17 -13 
* 909
+2 51
+2 51

fl=(85)
fn=(340)
31 31
-3 31
+3 217
+8 31
-6 62
+7 31

fl=(47)
fn=(184)
30 1
+1 1
+3 2
-3 4
+3 1
cfi=(44)
cfn=(176)
calls=1 -7 
* 7
+1 3
+1 3

fl=(61)
fn=(236)
52 8
+6 6
+17 1
fi=(62) /usr/src/debug/glibc-2.17-c758a686/csu/../sysdeps/unix/sysv/linux/x86_64/init-first.c
-35 2
fe=(61)
+33 1
+1 1
fi=(62)
-34 1
-2 2
fe=(61)
+37 1
fi=(62)
-37 3
+2 1
cfi=(44)
cfn=(176)
calls=1 -13 
* 7
+1 2
+5 2
-3 2
+1 1
+2 1
cfi=(44)
cfn=(176)
calls=1 -19 
* 7
fe=(61)
+43 1
fi=(62)
-39 1
fe=(61)
+39 2
fi=(62)
-39 2
+1 2
+1 1
fe=(61)
+37 1
cfi=(63)
cfn=(240)
calls=1 -59 
* 68
+8 1
cfi=(65)
cfn=(244)
calls=1 -65 
* 16
+5 6
-35 1
-9 1
+9 4
fi=(62)
-25 2
fe=(61)

fl=(78) /usr/src/debug/glibc-2.17-c758a686/libio/iofopen.c
fn=(358) __fopen_maybe_mmap
41 1
-2 1
+2 1
+15 1

fn=(318) __fopen_internal
61 6
+8 1
-8 2
+8 1
cfi=(79)
cfn=(322)
calls=1 2894 
* 58280
* 1
+2 1
-2 1
+2 1
+3 1
+3 5
-3 1
+3 1
cfi=(86)
cfn=(342) _IO_no_init
calls=1 603 
* 58
+4 1
+1 1
-1 1
+1 1
cfi=(87)
cfn=(346) _IO_new_file_init_internal
calls=1 +61 
* 95
+4 5
cfi=(87)
cfn=(350) _IO_file_fopen@@GLIBC_2.2.5
calls=1 256 
* 113
* 1
+1 1
-1 1
+6 5
-5 1
cfn=(358)
calls=1 -46 
* 4

fn=(316) fopen@@GLIBC_2.2.5
97 2
cfn=(318)
calls=1 -36 
* 58590

fl=(42)
fn=(180)
135 7
+1 1
+2 1
+1 1
+1 1
+9 1

fn=(172)
114 7
+1 1
+2 1
+1 1
+1 1
+9 1

fl=(104)
fn=(554)
61 14
+2 14
+2 14
+3 9
+1 9
+11 9
+1 9
+11 9
+1 9
+11 9
+1 9
+2 9
+1 9
+2 9
+1 9
+5 9
+1 11
+5 2
+1 2
+1 2
+1 2
+2 2
+2 2
+1 2
+2 2
+8 9
+8 14
+6 14
+2 14
+1 14
+26 14
+1 14
+3 5
+1 5
+1 5
+5 20
+2 20
+1 20
+1 20
+1 20
+2 20
+1 20
+1 20
+1 20
+2 20
+1 20
+2 20
+2 19
+2 19
+1 19
+1 19
+1 19
+2 19
+1 19
+1 19
+1 19
+2 19
+1 19
+2 27
+5 4
+6 4
+1 4
-7 1
+6 1
+1 1
+19 9
+1 9
+1 9
+5 9
+1 9
+4 9
+1 9
+2 10926
+1 9
+6 9
+1 9
+1 9
+3 5
+6 5
+1 5
+2 5
+13 4
+1 4
+1 4
+3 4
+1 4
+1 4
+1 4
+2 4
+2 4
+2 4
+2 4
+3 4
+1 4
+69 1248
+2 1248
+1 1248
+1 1248
+1 1248
+1 1248
+1 1248
+1 1248
+1 1248
+2 1248
+1 1248
+2 1248
+1 1248
+1 1248
+1 1248
+1 1248
+1 1248
+1 1248
+1 1248
+2 1248
+1 1248
+2 1248
+2 1248
+2 1248
+1 1248
+1 1248
+1 1248
+1 1248
+1 1248
+1 1248
+1 1248
+2 1248
+1 1248
+2 1248
+1 1248
+1 1248
+1 1248
+1 1248
+1 1248
+1 1248
+1 1248
+2 1248
+1 1248
+2 1248
+3 4
+2 4
+2 4
+2 4
+6 4
+1 4
+1 4
+2 4
+6 4
+1 4

fl=(96) /usr/src/debug/glibc-2.17-c758a686/libio/filedoalloc.c
fn=(436) _IO_file_doallocate
95 10
+15 8
fi=(99)
959 6
+2 4
+1 4
fe=(96)
110 6
cfi=(87)
cfn=(438) _IO_file_stat
calls=2 1224 
* 28
* 4
+2 8
+11 9
-14 1
+18 6
cfi=(98)
cfn=(442)
calls=1 -95 
* 33
* 6
cfi=(98)
cfn=(442)
calls=1 -95 
* 33
* 4
+1 10
cfi=(86)
cfn=(444) _IO_setb
calls=2 381 
* 42
+1 2
+1 13
-13 1
fi=(115) /usr/src/debug/glibc-2.17-c758a686/libio/../sysdeps/unix/sysv/linux/sys/sysmacros.h
-71 6
fe=(96)
+71 1
-2 2
+5 2

fl=(90) /usr/src/debug/glibc-2.17-c758a686/io/../sysdeps/unix/sysv/linux/wordsize-64/xstat.c
fn=(366) _xstat
35 1
-1 1
+1 1
+1 6
+4 1

fl=(64)
fn=(242)
25 1
+1 1
+1 1
+1 1
+1 1
+1 1
+1 1
+1 1
+1 1
+1 1
+1 1
+1 1
+1 1
+1 1
+1 1
+1 1
+1 1
+1 1
+1 1
+1 1
+1 1
+1 1
+1 1
+2 1
+1 1
+1 1
+1 1
+1 1
+1 1
+1 1
+1 1
+1 1
+1 1
+2 1
+1 1
+1 1
+1 1
+7 1
+1 1
+1 1
+1 1
+1 1
+1 1
+1 1

fl=(73)
fn=(288)
56 6
-22 2
cfn=(290) __new_exitfn
calls=1 +38 
* 39
+2 2
+4 1
+3 1
+1 1
-4 2
+2 1
+4 1
+1 1
+11 4

fn=(290)
72 1
+6 2
-6 3
+6 4
+2 4
-7 2
+9 3
-2 1
+10 1
-10 2
+45 1
+1 1
+3 4
+3 5
-35 2
+14 1
+1 2

fl=(45)
fn=(178)
30 1
+1 1
+1 1
+1 1
+2 1

fl=(109) /usr/src/debug/glibc-2.17-c758a686/stdlib/exit.c
fn=(622) exit
98 2
+1 2
-1 1
+1 1
cfn=(624) __run_exit_handlers
calls=1 -63 
* 2229

fn=(624)
36 9
+5 6
+4 3
-4 3
+4 3
+3 1
-1 1
+2 5
+33 1
+1 1
-1 1
+1 1
+6 2
+1 5
cfi=(86)
cfn=(686) _IO_cleanup
calls=1 948 
* 286
* 3
+2 2
cfi=(113) /usr/src/debug/glibc-2.17-c758a686/posix/../sysdeps/unix/sysv/linux/_exit.c
cfn=(700) _Exit
calls=1 -65 
* 5
-19 1
+4 2
-2 2
+2 1
cob=(1)
cfi=(110)
cfn=(626)
calls=1 +55 
* 1884
+1 1

fl=(87)
fn=(432) _IO_file_underflow@@GLIBC_2.2.5
532 120
+8 45
+6 45
+3 30
+13 30
fi=(99)
888 45
fe=(87)
582 30
cfi=(86)
cfn=(448) _IO_switch_to_get_mode
calls=15 176 
* 360
+11 15
-5 15
fi=(99)
961 15
fe=(87)
588 30
fi=(99)
961 15
fe=(87)
589 15
+2 15
fi=(99)
962 15
fe=(87)
590 30
fi=(99)
962 15
fe=(87)
593 60
cfn=(450) _IO_file_read
calls=15 1211 
* 165
+2 30
+10 15
-3 15
+3 30
+2 30
+1 165
-56 3
+5 2
cfi=(86)
cfn=(434) _IO_doallocbuf
calls=1 395 
* 143
* 2

fn=(438)
1224 2
+1 6
cfi=(97)
cfn=(440)
calls=2 35 
* 20

fn=(500)
207 4
+1 2
+7 1
-1 2
+1 2
-1 1
cfi=(86)
cfn=(502) _IO_default_finish
calls=1 639 
* 24

fn=(488)
165 3
+2 1
-2 1
+2 2
+4 1
+3 1
-3 1
-1 2
+6 1
+3 1
-3 1
cfi=(86)
cfn=(490) _IO_unsave_markers
calls=1 1047 
* 9
+3 2
+4 3
+9 5
cfi=(86)
cfn=(444)
calls=1 381 
* 39
+1 2
+3 1
-3 1
+1 3
+2 1
cfi=(86)
cfn=(486)
calls=1 60 
* 10
+5 2
-4 1
+1 1
+1 1
+2 1
+1 4
-23 1
fi=(99)
959 3
+2 2
+1 2
fe=(87)
179 2
cfn=(492) _IO_file_close
calls=1 1245 
* 7
* 2

fn=(492)
1245 2
cfi=(88)
cfn=(494)
calls=1 81 
* 5

fn=(350)
256 1
+12 1
-12 8
+11 3
+2 4
426 8
277 2
-20 1
+37 12
+41 1
224 1
+1 2
-1 1
+4 1
cfi=(88)
cfn=(352)
calls=1 81 
* 7
* 1
+4 2
+3 1
-1 1
+1 2
+3 2
-3 1
+3 1
+10 2
cfi=(86)
cfn=(348) _IO_link_in
calls=1 98 
* 11
355 3
cfi=(89)
cfn=(356)
calls=1 53 
* 25
* 1
+1 3
-83 1
-1 1
-15 2

fn=(590) _IO_file_overflow@@GLIBC_2.2.5
802 724
+1 543
+7 1263
+35 362
+3 362
+3 543
+1 543
+1 724
+4 181
+1 724
-45 2
+12 2
+9 4
+8 1
-4 1
+3 2
-2 2
-3 1
+1 2
+5 1
-1 1
+1 3
+1 2
+12 14
-1 7
+1 7
-1 7
cfn=(594) _IO_do_write@@GLIBC_2.2.5
calls=7 493 
* 693
* 14
-39 2
cfi=(86)
cfn=(434)
calls=1 395 
* 156
+1 6

fn=(698) _IO_file_sync@@GLIBC_2.2.5
863 4
+5 4
+2 1
+1 2
+17 1
+4 1
-4 1
+4 3

fn=(594)
493 7
+2 14
-2 35
+2 7
+9 28
+7 28
+8 7
fi=(99)
961 14
+1 14
fe=(87)
519 28
cfn=(596) _IO_file_write@@GLIBC_2.2.5
calls=7 1251 
* 301
* 7
+1 21
+6 7
-4 7
+4 7
-4 21
+1 14
+3 7
-2 7
-29 14
+1 21
-1 7
+1 7
-1 7
+1 14
+29 14
-4 28

fn=(450)
1211 60
cfi=(88)
cfn=(452)
calls=15 81 
* 105

fn=(694) _IO_file_setbuf@@GLIBC_2.2.5
451 2
+1 1
cfi=(86)
cfn=(696) _IO_default_setbuf
calls=1 +71 
* 67
* 2
+4 2
-1 2
+2 3
+2 1
+1 2

fn=(596)
1251 49
+2 35
+11 7
+1 7
-12 14
+5 7
-1 21
+1 14
cfi=(88)
cfn=(598)
calls=7 81 
* 49
+1 14
+9 21
+3 63

fn=(346)
143 1
+4 1
-4 3
+5 1
-1 1
+3 1
cfi=(86)
cfn=(348)
calls=1 -52 
* 82
+1 1
+1 4

fl=(66)
fn=(246)
81 4
+1 3
+1 4

fl=(100)
fn=(462)
35 120440
-3 120440
+3 2288360
+1 361320
+1 1204400
+2 240880

fl=(43)
fn=(174)
36 1
+1 1
+3 2
-3 4
+3 1
cfi=(44)
cfn=(176)
calls=1 -13 
* 7
* 3
+1 3

fl=(111)
fn=(654)
30 6
+17 2
-17 10
+4 8
+4 12
-4 6
+32 8
+4 12
-4 6
+12 4
+3 2
-2 2
+2 12
-2 2
cfi=(112)
cfn=(656)
calls=2 -44 
* 14

fl=(75)
fn=(306)
26 1
+9 1
+1 2
+1 1
+4 1
+1 1
+1 1
+1 1
+1 1
+2 2
+2 1
+1 1
+1 1
+2 2
+2 1
+9 1
cfi=(76)
cfn=(308)
calls=1 -35 
* 9

fl=(103)
fn=(602)
81 10
+1 2

fn=(496)
81 12
+1 3

fl=(67)
fn=(256)
121 162
+3 162

fn=(248)
478 2
+12 1
-12 1
+12 1
-12 1
+12 1
-12 1
+12 1
648 2
+2 1
+1 1
+2 1
-3 1
+5 1
-5 1
+4 3
+4 2
+2 1
+1 1
+2 1
+4 1
-7 1
+5 1
-5 1
+4 1
+3 2
-3 1
+3 1
-3 1
+3 2
492 2
cfn=(250) handle_intel.isra.0
calls=1 262 
* 844
+4 1
-4 1
+4 1
cfn=(250)
calls=1 262 
* 885
+2 1
-2 1
-1 1
+3 1
+9 3
+2 1
+1 1
+2 1
+5 2
+9 16
-9 12
+6 3
-6 3
+6 3
-6 3
+6 1
-6 1
+6 1
+69 4
+1 6
-65 1
+32 1
-26 5
+7 2
+4 4
+2 4
-6 4
+4 1
-2 1
+2 1
-4 3
+4 1
-2 1
+2 1
+15 1
+1 4
-9 1
+2 2
+1 1
-1 2
+1 1
+1 1

fn=(250)
262 4
+12 2
-12 12
+9 2
+1 4
-3 6
+23 10
cfn=(252) intel_check_word
calls=2 132 
* 1446
+1 4
+3 10
cfn=(252)
calls=2 132 
* 189
+1 4
-17 4
+5 2
-5 4
+5 2
+2 2
+1 2
-1 4
+27 16

fn=(252)
132 32
+1 12
+6 32
+2 4
-2 4
+2 4
+88 8
-76 20
+53 16
+23 40
-1 8
+1 8
cfi=(68)
cfn=(254)
calls=8 26 
* 1228
+2 16
+22 8
141 16
+2 10
+2 20
-10 2
258 32
-93 10
+5 10
-5 14
+9 2
+2 4
+8 2
+4 2
-2 4
+13 3
-34 15
+5 6
+4 8
+7 9
+9 2
-2 2
+3 2
-1 2
-2 2
+1 2
+1 2
-1 6
+1 2
-2 4

fl=(86)
fn=(490)
1047 1
+2 1
-2 1
+2 1
+19 3
+2 2

fn=(430) _IO_default_uflow
413 15
fi=(99)
959 30
fe=(86)
413 15
fi=(99)
959 15
fe=(86)
413 30
+1 15
fi=(99)
961 30
+1 30
fe=(86)
414 30
cfi=(87)
cfn=(432)
calls=15 532 
* 1545
+1 30
+2 60
+1 60

fn=(348)
98 8
+1 6
+4 1
-2 2
+2 5
+1 10
+2 1
-2 1
+1 1
+1 1
-2 1
+2 1
-2 1
+2 14
+2 1
-2 1
+4 1
+2 1
-3 1
-1 1
+4 7
+2 1
-1 1
+1 8
+1 2
+3 8
-6 7

fn=(502)
639 2
+2 3
+6 3
+3 3
+6 1
+6 1
-6 1
cfn=(486)
calls=1 60 
* 10

fn=(344) _IO_old_init
590 1
-16 1
+1 1
+15 1
+5 1
-21 1
+2 1
+1 1
+1 1
+17 1
-16 1
+1 1
+1 1
+1 1
+1 1
+1 1
+2 1
+1 1
+1 1
+1 1
+6 1
+1 4

fn=(428)
349 60
+2 46
+6 75
+3 30
+2 30
+6 30
+7 15
fi=(99)
959 45
+2 30
+1 30
fe=(86)
375 15
+1 15
-1 15
+1 30
-1 15
cfn=(430)
calls=15 +38 
* 1905
-24 28
+22 45

fn=(444)
381 15
+1 14
+3 3
+2 12
-3 3
+3 6
+3 12
-7 7
cfi=(103)
cfn=(496)
calls=1 81 
* 5
* 4

fn=(342)
603 9
+1 1
cfn=(344)
calls=1 -14 
* 25
+3 1
-2 1
+2 1
+2 1
+1 1
+1 1
+1 1
+1 1
+1 1
+1 1
+1 1
+1 1
+1 1
+1 1
+1 1
+2 1
+3 1
+1 6

fn=(434)
395 6
+1 2
-1 2
+1 2
+6 8
-4 6
+1 2
fi=(99)
959 6
+2 4
+1 4
fe=(86)
399 4
cfi=(96)
cfn=(436)
calls=2 95 
* 249
* 4

fn=(448)
176 60
+1 45
+3 45
+5 15
-1 30
+1 15
+7 15
-4 15
+2 30
+2 15
+1 15
+1 60

fn=(486)
60 12
+1 6
+4 6
+1 10
+2 1
-2 1
+1 1
+1 19
+2 3
+2 2
+13 1
+2 1
-2 1
+2 4
+2 1
-1 1
+1 6
+1 2
+3 12
-6 6
-13 1
+1 1
-1 2

fn=(686)
948 1
+3 1
-3 6
+3 1
cfn=(688) _IO_flush_all_lockp
calls=1 760 
* 92
-63 1
+63 1
-63 2
fi=(99)
+71 2
fe=(86)
-59 1
fi=(99)
+59 2
fe=(86)
-69 9
+2 2
-1 4
+3 4
+6 16
+8 5
+10 1
fi=(99)
+43 2
+1 2
fe=(86)
-44 4
cfi=(87)
cfn=(694)
calls=1 451 
* 82
+3 2
+7 3
-40 9
+75 9
-53 1
+4 1
-4 1
+2 1
+1 1
+1 1
-2 1
+3 4
+6 3
+1 8

fn=(696)
523 1
fi=(99)
959 2
fe=(86)
523 2
fi=(99)
959 1
fe=(86)
523 5
+1 1
fi=(99)
961 2
+1 2
fe=(86)
524 2
cfi=(87)
cfn=(698)
calls=1 863 
* 17
* 2
+9 1
-7 1
+7 1
-7 1
382 1
528 1
+1 1
-1 1
+1 1
382 4
+7 1
-5 1
+1 1
+4 1
536 2
+2 1
-2 1
+1 3
+2 6

fn=(588)
229 362
+2 543
+1 1
+1 1
fi=(99)
959 3
+2 2
+1 2
fe=(86)
233 180
fi=(99)
959 540
+2 360
+1 360
fe=(86)
233 181
+1 362
-1 181
cfi=(87)
cfn=(590)
calls=181 802 
* 6899

fn=(688)
760 8
+6 3
+6 1
-11 1
+10 1
+2 2
fi=(99)
959 2
fe=(86)
777 1
fi=(99)
959 2
fe=(86)
776 3
-1 3
+1 3
+3 9
+10 6
+4 3
-2 3
+2 6
+7 3
-27 6
+31 2
+2 3
+4 9
-31 12

fl=(107)
fn=(578)
59 12
+14 12
+1 12
+4 5
+1 5
+2 2
+1 2
+1 8
+4 12
+7 7
+1 7
+32 7
+2 7
+1 7
+1 7
+2 6
+1 6
+1 6
+1 6
+1 6
+1 6
+1 6
+1 6
+1 6
+1 6
+1 6
+1 6
+51 6
+2 6
+1 6
+1 6
+1 6
+1 6
+1 6
+1 6
+1 6
+1 6
+1 6
+1 6
+1 6
+1 6
+1 6
+1 6
+1 6
+1 6
+1 6
+1 6
+1 6
-19 356
+1 356
+1 356
+1 356
+1 356
+1 356
+1 356
+1 356
+1 356
+1 356
+1 356
+1 356
+1 356
+1 356
+1 356
+1 356
+1 356
+1 356
+1 356
+1 356
+2 6
+1 6
+1 6
+1 6
+1 24
1575 1
+1 1
+2 1
+1 1
+1 1
+1 1
+1 1
+1 1
+1 1
+6 1
+11 1
+1 1
+1 1
+2 1
+1 1
+1 1
+39 1
+2 1
+2 1
+1 1
+1 1
+1 1
+1 1
+1 1
+1 1
+1 1
+1 1
+1 1
+1 1
+1 1
+1 1
+1 1
+1 1
+1 1
+1 1
+1 1
+1 1
+1 1
+1 1
+1 1
+1 1
+1 1
-23 710
+1 710
+1 710
+1 710
+1 710
+1 710
+1 710
+1 710
+1 710
+1 710
+1 710
+1 710
+1 710
+1 710
+1 710
+1 710
+1 710
+1 710
+1 710
+1 710
+1 710
+1 710
+1 710
+1 710
+2 1
+1 1
+1 1
+1 1
+1 4
+19 2
+1 2
+2 2
+1 2
+2 2
+1 2
+2 2
2271 5
+1 5
+2 5
+1 5
+2 5
+1 5
+2 5
+1 5
+2 5
-9 4
+1 4
+2 4
+1 4
+2 4
+1 4
+2 4
2550 1
+1 1
+2 1
+1 1
+2 1
+1 1
+2 1
+1 1
+2 1
+1 1
+2 1
+1 1
+2 1
+1 1
+1 1
+1 1
+1 1

fl=(113)
fn=(700)
27 2
+4 1
+2 2

ob=(2)
fl=(16)
fn=(640)
0 3

fn=(258)
0 6

fn=(224)
0 6

fn=(294)
0 6

fn=(666)
0 3

fn=(684)
0 3

totals: 36682259823
